image_path,true_label,predicted_label,correct,confidence,prob_bridge,prob_freeway,prob_overpass,prob_railway
bridge/bridge701.jpg,bridge,bridge,True,0.9522469271535099,0.9522469271535099,0.0114832982792808,0.018124929817189047,0.018144844750020324
bridge/bridge702.jpg,bridge,bridge,True,0.9478190561471574,0.9478190561471574,0.013465078173050996,0.025315467381459872,0.013400398298331753
bridge/bridge703.jpg,bridge,bridge,True,0.9416205483646494,0.9416205483646494,0.011590512317286908,0.029595386663988685,0.017193552654075097
bridge/bridge704.jpg,bridge,bridge,True,0.9069836638420028,0.9069836638420028,0.02331105404193408,0.0457128410005529,0.023992441115510143
bridge/bridge705.jpg,bridge,bridge,True,0.9146322778820573,0.9146322778820573,0.02136309850909638,0.04045542952090716,0.02354919408793939
bridge/bridge706.jpg,bridge,bridge,True,0.9353396686867126,0.9353396686867126,0.01565873893692307,0.03319691728444124,0.015804675091923136
bridge/bridge707.jpg,bridge,bridge,True,0.903422205582982,0.903422205582982,0.01902303411215485,0.051754837372743445,0.025799922932119614
bridge/bridge708.jpg,bridge,bridge,True,0.9616619696072163,0.9616619696072163,0.011624587070094252,0.016299227609124053,0.010414215713565397
bridge/bridge709.jpg,bridge,bridge,True,0.9510174061782105,0.9510174061782105,0.020889611261403446,0.023852880527625336,0.004240102032760579
bridge/bridge710.jpg,bridge,bridge,True,0.9438473278920835,0.9438473278920835,0.017303977650681694,0.026902334883492727,0.01194635957374211
bridge/bridge711.jpg,bridge,bridge,True,0.9634947718218829,0.9634947718218829,0.011504451425105758,0.01492467260360712,0.010076104149404099
bridge/bridge712.jpg,bridge,bridge,True,0.9742358190756673,0.9742358190756673,0.010661717076460183,0.010416008522290769,0.004686455325581758
bridge/bridge713.jpg,bridge,bridge,True,0.9534658405083183,0.9534658405083183,0.021632290098942526,0.017699575593592608,0.007202293799146407
bridge/bridge714.jpg,bridge,bridge,True,0.9720518470533803,0.9720518470533803,0.01337416504390853,0.008923695569825597,0.0056502923328855805
bridge/bridge715.jpg,bridge,bridge,True,0.9650392515335574,0.9650392515335574,0.013372564463950827,0.015122523697640559,0.006465660304851302
bridge/bridge716.jpg,bridge,bridge,True,0.9745647621456313,0.9745647621456313,0.013386313866544519,0.00801223648763568,0.004036687500188569
bridge/bridge717.jpg,bridge,bridge,True,0.968598182525107,0.968598182525107,0.0138332644568786,0.013417771224268677,0.004150781793745777
bridge/bridge718.jpg,bridge,bridge,True,0.9585654641947549,0.9585654641947549,0.01753801614612591,0.0167092893200271,0.0071872303390920385
bridge/bridge719.jpg,bridge,bridge,True,0.8944738102573697,0.8944738102573697,0.055646903781111805,0.03130897196750336,0.01857031399401533
bridge/bridge720.jpg,bridge,bridge,True,0.9442269702272462,0.9442269702272462,0.026755372001093496,0.02080100529291529,0.008216652478744835
bridge/bridge721.jpg,bridge,bridge,True,0.9132540933495127,0.9132540933495127,0.019258776023730374,0.027513949840303732,0.03997318078645323
bridge/bridge722.jpg,bridge,bridge,True,0.9116785119860571,0.9116785119860571,0.0253146980930829,0.0267460690482283,0.036260720872631824
bridge/bridge723.jpg,bridge,bridge,True,0.9281680108817694,0.9281680108817694,0.02479260566357686,0.020170386385673866,0.026868997068979845
bridge/bridge724.jpg,bridge,bridge,True,0.9410871693206656,0.9410871693206656,0.020120902013374537,0.019807605660110455,0.018984323005849634
bridge/bridge725.jpg,bridge,bridge,True,0.9372599549106151,0.9372599549106151,0.027595944316180725,0.020301212984142263,0.0148428877890619
bridge/bridge726.jpg,bridge,bridge,True,0.9080361339378518,0.9080361339378518,0.03866633493142346,0.029211892430920063,0.02408563869980454
bridge/bridge727.jpg,bridge,bridge,True,0.921371298112497,0.921371298112497,0.032856336656836835,0.02491375315373901,0.020858612076927317
bridge/bridge728.jpg,bridge,bridge,True,0.9020823286540208,0.9020823286540208,0.042083960867831144,0.03203417122443328,0.023799539253714638
bridge/bridge729.jpg,bridge,bridge,True,0.9148002426519058,0.9148002426519058,0.03602563077862196,0.025109506127235857,0.024064620442236395
bridge/bridge730.jpg,bridge,bridge,True,0.921504994744463,0.921504994744463,0.033456631854118596,0.023789627122835555,0.021248746278582933
bridge/bridge731.jpg,bridge,bridge,True,0.9399903835521723,0.9399903835521723,0.02528077964281714,0.018003255893874096,0.016725580911136476
bridge/bridge732.jpg,bridge,bridge,True,0.9503646183967407,0.9503646183967407,0.019080140291940214,0.015514526945413918,0.01504071436590525
bridge/bridge733.jpg,bridge,bridge,True,0.9678388746195621,0.9678388746195621,0.012115011709690362,0.009447092028793581,0.010599021641954011
bridge/bridge734.jpg,bridge,bridge,True,0.9613483251143291,0.9613483251143291,0.015392394961229908,0.01287234250026656,0.010386937424174444
bridge/bridge735.jpg,bridge,bridge,True,0.9724285981059674,0.9724285981059674,0.012270791043943168,0.008236607961081846,0.007064002889007891
bridge/bridge736.jpg,bridge,bridge,True,0.9536914245095554,0.9536914245095554,0.021409152147940348,0.013806897832763105,0.011092525509741324
bridge/bridge737.jpg,bridge,bridge,True,0.9502754889576859,0.9502754889576859,0.02388170969913099,0.01377558819545497,0.01206721314772813
bridge/bridge738.jpg,bridge,bridge,True,0.9506619744284491,0.9506619744284491,0.023519647946143325,0.014967584902531491,0.010850792722876113
bridge/bridge739.jpg,bridge,bridge,True,0.9624873345244683,0.9624873345244683,0.01809368228100929,0.01091004350606228,0.008508939688460032
bridge/bridge740.jpg,bridge,bridge,True,0.9626720322110561,0.9626720322110561,0.016673823700156118,0.011701316006163497,0.008952828082624143
bridge/bridge741.jpg,bridge,bridge,True,0.9729281103611919,0.9729281103611919,0.011674596480436455,0.00787983803064115,0.007517455127730423
bridge/bridge742.jpg,bridge,bridge,True,0.9588746624229652,0.9588746624229652,0.016783206352833563,0.012372003735063745,0.011970127489137634
bridge/bridge743.jpg,bridge,bridge,True,0.9585733744649676,0.9585733744649676,0.010988147236913411,0.009081284435328078,0.021357193862790693
bridge/bridge744.jpg,bridge,bridge,True,0.7281151033622173,0.7281151033622173,0.027826957825071934,0.22941797092676977,0.014639967885940904
bridge/bridge745.jpg,bridge,bridge,True,0.907320410761693,0.907320410761693,0.02293566560445203,0.05778061653173095,0.011963307102124045
bridge/bridge746.jpg,bridge,bridge,True,0.8845313477664525,0.8845313477664525,0.017661477664261488,0.07849103240046452,0.019316142168821483
bridge/bridge747.jpg,bridge,overpass,False,0.6536223444927406,0.29528867656722807,0.01558315863969015,0.6536223444927406,0.03550582030034108
bridge/bridge748.jpg,bridge,bridge,True,0.4702039667130877,0.4702039667130877,0.024772215389351242,0.441687788736406,0.06333602916115491
bridge/bridge749.jpg,bridge,bridge,True,0.6867751085108939,0.6867751085108939,0.01565777203342663,0.2543452862764164,0.043221833179263126
bridge/bridge750.jpg,bridge,overpass,False,0.4916528795878982,0.38876224068451676,0.0713714154355733,0.4916528795878982,0.048213464292011676
bridge/bridge751.jpg,bridge,overpass,False,0.7237427153729724,0.2344404111108922,0.011084196375533269,0.7237427153729724,0.03073267714060214
bridge/bridge752.jpg,bridge,bridge,True,0.9394641326860589,0.9394641326860589,0.008887422683871948,0.04477104128688244,0.006877403343186717
bridge/bridge753.jpg,bridge,bridge,True,0.9390203161102618,0.9390203161102618,0.018565842431072625,0.034214840633442684,0.008199000825222806
bridge/bridge754.jpg,bridge,bridge,True,0.9354007082781272,0.9354007082781272,0.01776194458412983,0.035081016148048365,0.01175633098969469
bridge/bridge755.jpg,bridge,bridge,True,0.953046237489959,0.953046237489959,0.013385935926408535,0.02514563533535289,0.008422191248279804
bridge/bridge756.jpg,bridge,bridge,True,0.9152327002234448,0.9152327002234448,0.022559113287161477,0.05191771622455139,0.010290470264842125
bridge/bridge757.jpg,bridge,bridge,True,0.8972073742336254,0.8972073742336254,0.023707483013945437,0.0662458654675425,0.012839277284886626
bridge/bridge758.jpg,bridge,bridge,True,0.9275635428231892,0.9275635428231892,0.017310792465055718,0.04614216903830307,0.008983495673451998
bridge/bridge759.jpg,bridge,bridge,True,0.9168690768241845,0.9168690768241845,0.02231691976527462,0.04879082084577202,0.012023182564768758
bridge/bridge760.jpg,bridge,bridge,True,0.9224789000450412,0.9224789000450412,0.018652858253602876,0.04838397298855415,0.010484268712801675
bridge/bridge761.jpg,bridge,bridge,True,0.9090883299797721,0.9090883299797721,0.020827911839660297,0.05675980444039588,0.013323953740171758
bridge/bridge762.jpg,bridge,bridge,True,0.9271371011718267,0.9271371011718267,0.016200543278356187,0.04549400273145112,0.01116835281836614
bridge/bridge763.jpg,bridge,bridge,True,0.9226994932899482,0.9226994932899482,0.019447785769496184,0.045681423681105685,0.012171297259450117
bridge/bridge764.jpg,bridge,bridge,True,0.9236365881308829,0.9236365881308829,0.013475229942403931,0.05303458177947452,0.009853600147238734
bridge/bridge765.jpg,bridge,bridge,True,0.9315096811363319,0.9315096811363319,0.013267246744381329,0.04584109799594552,0.009381974123341158
bridge/bridge766.jpg,bridge,bridge,True,0.9195045992882717,0.9195045992882717,0.01796851398768784,0.05043734553095399,0.012089541193086615
bridge/bridge767.jpg,bridge,bridge,True,0.9502409941105658,0.9502409941105658,0.012366506279148525,0.030491145877844687,0.0069013537324408404
bridge/bridge768.jpg,bridge,bridge,True,0.9508114120099592,0.9508114120099592,0.012294542578004986,0.02890850652169012,0.007985538890345596
bridge/bridge769.jpg,bridge,bridge,True,0.940363106531976,0.940363106531976,0.015907315823434614,0.034991603171775076,0.008737974472814164
bridge/bridge770.jpg,bridge,bridge,True,0.9452065503632648,0.9452065503632648,0.015345405702821197,0.03185490969572843,0.007593134238185542
bridge/bridge771.jpg,bridge,bridge,True,0.9314707358917521,0.9314707358917521,0.01998823025203426,0.0375973509797571,0.010943682876456636
bridge/bridge772.jpg,bridge,bridge,True,0.945989221501909,0.945989221501909,0.01384040862581834,0.03221890966353704,0.007951460208735814
bridge/bridge773.jpg,bridge,bridge,True,0.9431065263934281,0.9431065263934281,0.009178443579398421,0.03981050614901953,0.007904523878154013
bridge/bridge774.jpg,bridge,bridge,True,0.9414347861591943,0.9414347861591943,0.013757607301280957,0.0362167890658179,0.008590817473706757
bridge/bridge775.jpg,bridge,bridge,True,0.931068468719893,0.931068468719893,0.013872491718152972,0.046722675274135705,0.008336364287818318
bridge/bridge776.jpg,bridge,bridge,True,0.8881323180322613,0.8881323180322613,0.03814573408786592,0.05868448801469894,0.015037459865173745
bridge/bridge777.jpg,bridge,bridge,True,0.8739210970516147,0.8739210970516147,0.037501634118076825,0.07050899389893162,0.018068274931376842
bridge/bridge778.jpg,bridge,bridge,True,0.9277807364796582,0.9277807364796582,0.017142923176775834,0.042228519843746024,0.01284782049981997
bridge/bridge779.jpg,bridge,bridge,True,0.9270785767989782,0.9270785767989782,0.021881422087428472,0.03842844966356231,0.012611551450030928
bridge/bridge780.jpg,bridge,bridge,True,0.9225660310279078,0.9225660310279078,0.024453375117877145,0.0392451547860784,0.013735439068136616
bridge/bridge781.jpg,bridge,bridge,True,0.878594691837923,0.878594691837923,0.04529553401449342,0.0598216628583203,0.016288111289263194
bridge/bridge782.jpg,bridge,bridge,True,0.8906275711467349,0.8906275711467349,0.03662367833912007,0.05853102977483212,0.014217720739313072
bridge/bridge783.jpg,bridge,bridge,True,0.8747799810921371,0.8747799810921371,0.041333170410871596,0.06882473704669997,0.015062111450291217
bridge/bridge784.jpg,bridge,bridge,True,0.9052976842414293,0.9052976842414293,0.03378670889428035,0.04897278427456236,0.011942822589727967
bridge/bridge785.jpg,bridge,bridge,True,0.910423879395708,0.910423879395708,0.02971677670590117,0.04912709980305976,0.010732244095330946
bridge/bridge786.jpg,bridge,bridge,True,0.9018815697274714,0.9018815697274714,0.032415255183608674,0.05385730208027981,0.01184587300864
bridge/bridge787.jpg,bridge,bridge,True,0.8964827093207227,0.8964827093207227,0.030278502932640353,0.061485220477792854,0.011753567268844035
bridge/bridge788.jpg,bridge,bridge,True,0.9101469504121361,0.9101469504121361,0.028478276962399948,0.05087888227290643,0.010495890352557302
bridge/bridge789.jpg,bridge,bridge,True,0.9025090116254373,0.9025090116254373,0.035439228637086685,0.04998882231113822,0.01206293742633783
bridge/bridge790.jpg,bridge,bridge,True,0.9321524322288872,0.9321524322288872,0.02361095252605289,0.03379619244500948,0.010440422800050435
bridge/bridge791.jpg,bridge,bridge,True,0.9413244850124342,0.9413244850124342,0.016133102163884267,0.03389164894653099,0.008650763877150693
bridge/bridge792.jpg,bridge,bridge,True,0.9023566189158456,0.9023566189158456,0.028372828610414527,0.05393383593682652,0.015336716536913281
bridge/bridge793.jpg,bridge,bridge,True,0.6581276526482693,0.6581276526482693,0.02701777325058618,0.2996871438659446,0.015167430235200048
bridge/bridge794.jpg,bridge,bridge,True,0.906972166614304,0.906972166614304,0.019912345638125543,0.06827510429413462,0.004840383453435734
bridge/bridge795.jpg,bridge,bridge,True,0.931859693237332,0.931859693237332,0.018652035305120166,0.040310117802611435,0.009178153654936445
bridge/bridge796.jpg,bridge,bridge,True,0.9568845489807115,0.9568845489807115,0.014920696129106728,0.019316502665659787,0.008878252224521902
bridge/bridge797.jpg,bridge,bridge,True,0.9047519329127304,0.9047519329127304,0.03953622990334608,0.029219265226836627,0.026492571957086847
bridge/bridge798.jpg,bridge,bridge,True,0.9042865230501429,0.9042865230501429,0.03854328157681821,0.026390612394748318,0.030779582978290553
bridge/bridge799.jpg,bridge,bridge,True,0.8902719438399945,0.8902719438399945,0.03800721064960689,0.03044162394835122,0.041279221562047476
bridge/bridge800.jpg,bridge,bridge,True,0.9079843904885075,0.9079843904885075,0.028183814068181663,0.03617810538588495,0.027653690057425826
freeway/freeway701.jpg,freeway,freeway,True,0.9403421452531799,0.03715617736873567,0.9403421452531799,0.011222912857166157,0.011278764520918288
freeway/freeway702.jpg,freeway,freeway,True,0.9181278071003852,0.03302523824429774,0.9181278071003852,0.03382076627004502,0.015026188385271984
freeway/freeway703.jpg,freeway,freeway,True,0.9271811390310466,0.03973979663461161,0.9271811390310466,0.014858882420162551,0.018220181914179227
freeway/freeway704.jpg,freeway,freeway,True,0.9416829404658739,0.02990016957632503,0.9416829404658739,0.017487305508243046,0.010929584449558116
freeway/freeway705.jpg,freeway,freeway,True,0.9374935143255392,0.03738604811786865,0.9374935143255392,0.013399083777270355,0.011721353779321717
freeway/freeway706.jpg,freeway,freeway,True,0.9505492865805717,0.020602117659438472,0.9505492865805717,0.011820906476719798,0.017027689283270118
freeway/freeway707.jpg,freeway,freeway,True,0.9548909543304323,0.015037527453499363,0.9548909543304323,0.015723169465670726,0.014348348750397824
freeway/freeway708.jpg,freeway,freeway,True,0.935006745068619,0.01958288146044164,0.935006745068619,0.02287241391354099,0.022537959557398388
freeway/freeway709.jpg,freeway,freeway,True,0.9496223867737672,0.015265835960462503,0.9496223867737672,0.021649866362023793,0.013461910903746533
freeway/freeway710.jpg,freeway,freeway,True,0.9514601152113727,0.028350335227118724,0.9514601152113727,0.009744558948949045,0.010444990612559359
freeway/freeway711.jpg,freeway,freeway,True,0.9413437647201542,0.03359738953015054,0.9413437647201542,0.008893165487079937,0.016165680262615292
freeway/freeway712.jpg,freeway,freeway,True,0.9620279860428643,0.01956836824635116,0.9620279860428643,0.006742948462767355,0.011660697248017169
freeway/freeway713.jpg,freeway,freeway,True,0.946846889295666,0.03002081859288809,0.946846889295666,0.012745587274370565,0.010386704837075485
freeway/freeway714.jpg,freeway,freeway,True,0.9639546895477059,0.01792457586690713,0.9639546895477059,0.008823481992579181,0.009297252592807916
freeway/freeway715.jpg,freeway,freeway,True,0.9670751904266306,0.01795055142850448,0.9670751904266306,0.006714079377633617,0.00826017876723135
freeway/freeway716.jpg,freeway,freeway,True,0.9423129391565183,0.033524450555921945,0.9423129391565183,0.01477706691823289,0.009385543369326904
freeway/freeway717.jpg,freeway,freeway,True,0.9501887171871096,0.025644133439142524,0.9501887171871096,0.015063014599410278,0.009104134774337623
freeway/freeway718.jpg,freeway,freeway,True,0.949785049165887,0.026978154524253797,0.949785049165887,0.014294169714596334,0.008942626595262891
freeway/freeway719.jpg,freeway,freeway,True,0.9524333475136516,0.030450803385929825,0.9524333475136516,0.009625342110958822,0.007490506989459763
freeway/freeway720.jpg,freeway,freeway,True,0.9238049347607468,0.03169758573723052,0.9238049347607468,0.021720559251334325,0.02277692025068819
freeway/freeway721.jpg,freeway,freeway,True,0.9413455910542973,0.026332761532910233,0.9413455910542973,0.014819413995526153,0.01750223341726638
freeway/freeway722.jpg,freeway,freeway,True,0.9538813112329336,0.01992823154104614,0.9538813112329336,0.010445829263610722,0.01574462796240951
freeway/freeway723.jpg,freeway,freeway,True,0.9426120283536785,0.02614452750894389,0.9426120283536785,0.013940322796187978,0.01730312134118965
freeway/freeway724.jpg,freeway,freeway,True,0.9439867583935635,0.024378147571473965,0.9439867583935635,0.013265292993526703,0.01836980104143574
freeway/freeway725.jpg,freeway,freeway,True,0.9017783398717532,0.026884494161405863,0.9017783398717532,0.04492259206826355,0.0264145738985774
freeway/freeway726.jpg,freeway,freeway,True,0.9337659124135547,0.03467071324294436,0.9337659124135547,0.021715986941675612,0.00984738740182549
freeway/freeway727.jpg,freeway,freeway,True,0.9386142500757655,0.037354700879123834,0.9386142500757655,0.01586185760063118,0.008169191444479494
freeway/freeway728.jpg,freeway,freeway,True,0.9604237910788948,0.025368424511631318,0.9604237910788948,0.008404650890600877,0.00580313351887294
freeway/freeway729.jpg,freeway,freeway,True,0.9579226981964294,0.024476903216413683,0.9579226981964294,0.012247736224653014,0.005352662362504093
freeway/freeway730.jpg,freeway,freeway,True,0.945830746621747,0.025397519662273507,0.945830746621747,0.01566589762753176,0.013105836088447472
freeway/freeway731.jpg,freeway,freeway,True,0.942326091661998,0.02784063034442546,0.942326091661998,0.012642357654133666,0.017190920339442795
freeway/freeway732.jpg,freeway,freeway,True,0.9123268822884395,0.041224680545933236,0.9123268822884395,0.03311189049139418,0.01333654667423321
freeway/freeway733.jpg,freeway,freeway,True,0.9171154296190045,0.04530822225972543,0.9171154296190045,0.02803529395731779,0.009541054163952511
freeway/freeway734.jpg,freeway,freeway,True,0.8782050935206004,0.06617116943549355,0.8782050935206004,0.03731559980567485,0.0183081372382311
freeway/freeway735.jpg,freeway,freeway,True,0.903113998573008,0.05793796146482726,0.903113998573008,0.026338204931189397,0.01260983503097532
freeway/freeway736.jpg,freeway,freeway,True,0.951997839975009,0.029623137881218235,0.951997839975009,0.008587232270879824,0.009791789872892961
freeway/freeway737.jpg,freeway,freeway,True,0.9343382038112504,0.042370366148892794,0.9343382038112504,0.015004524980627812,0.008286905059228867
freeway/freeway738.jpg,freeway,freeway,True,0.9400500770489348,0.034555030055787514,0.9400500770489348,0.016690782097436352,0.008704110797841213
freeway/freeway739.jpg,freeway,freeway,True,0.9461889577838047,0.026510762574741817,0.9461889577838047,0.013899989162580428,0.013400290478872954
freeway/freeway740.jpg,freeway,freeway,True,0.9586634502093557,0.018741535153477717,0.9586634502093557,0.009368876528976581,0.013226138108190155
freeway/freeway741.jpg,freeway,freeway,True,0.9566136671082417,0.02107765878569776,0.9566136671082417,0.00923733333242116,0.013071340773639263
freeway/freeway742.jpg,freeway,freeway,True,0.927676746772394,0.031587470274715014,0.927676746772394,0.02321256545130333,0.017523217501587713
freeway/freeway743.jpg,freeway,freeway,True,0.9305374643717867,0.02713675847127411,0.9305374643717867,0.016469559644889574,0.02585621751204955
freeway/freeway744.jpg,freeway,freeway,True,0.918494233305294,0.03112056770453181,0.918494233305294,0.015809301974006183,0.03457589701616803
freeway/freeway745.jpg,freeway,freeway,True,0.9491179743627925,0.023280566609889735,0.9491179743627925,0.01761637513656836,0.009985083890749445
freeway/freeway746.jpg,freeway,freeway,True,0.9678218325949085,0.013531355029620244,0.9678218325949085,0.010959564828739861,0.0076872475467315545
freeway/freeway747.jpg,freeway,freeway,True,0.9359801431410507,0.028174623170526835,0.9359801431410507,0.01859874224948937,0.017246491438933035
freeway/freeway748.jpg,freeway,freeway,True,0.9504600167484702,0.02408971323538435,0.9504600167484702,0.015558774847675115,0.009891495168470427
freeway/freeway749.jpg,freeway,freeway,True,0.9337548133828879,0.03561866156172298,0.9337548133828879,0.019179221585863535,0.011447303469525669
freeway/freeway750.jpg,freeway,freeway,True,0.9097816200501617,0.045652414575644444,0.9097816200501617,0.03045881746270807,0.014107147911485814
freeway/freeway751.jpg,freeway,freeway,True,0.8530469862413209,0.07924787785408335,0.8530469862413209,0.04866408418556067,0.01904105171903497
freeway/freeway752.jpg,freeway,freeway,True,0.9135226465410713,0.02728792254487319,0.9135226465410713,0.022107469435767513,0.037081961478287996
freeway/freeway753.jpg,freeway,freeway,True,0.9297338396638124,0.04541821399605174,0.9297338396638124,0.013933120273001306,0.010914826067134705
freeway/freeway754.jpg,freeway,freeway,True,0.9285174632012417,0.040686898245976204,0.9285174632012417,0.019187497808724804,0.011608140744057105
freeway/freeway755.jpg,freeway,freeway,True,0.9521178022384739,0.026692164608802697,0.9521178022384739,0.00961787679455563,0.011572156358168
freeway/freeway756.jpg,freeway,freeway,True,0.8608697338540141,0.03872088840651777,0.8608697338540141,0.0843601547122458,0.016049223027222358
freeway/freeway757.jpg,freeway,freeway,True,0.937750879713806,0.028433890013412944,0.937750879713806,0.016008578573544062,0.017806651699237116
freeway/freeway758.jpg,freeway,freeway,True,0.9395936084797872,0.03178220559355928,0.9395936084797872,0.020057901422055345,0.008566284504597996
freeway/freeway759.jpg,freeway,freeway,True,0.949285887677463,0.02192783528453401,0.949285887677463,0.012423036901038579,0.016363240136964403
freeway/freeway760.jpg,freeway,freeway,True,0.9289624371351316,0.03156014135038063,0.9289624371351316,0.02053552726268,0.01894189425180758
freeway/freeway761.jpg,freeway,freeway,True,0.958206085649872,0.023688804855565734,0.958206085649872,0.007008687088934633,0.011096422405627394
freeway/freeway762.jpg,freeway,freeway,True,0.9450069352337078,0.024916778033242205,0.9450069352337078,0.02462203571267552,0.005454251020374638
freeway/freeway763.jpg,freeway,freeway,True,0.9572296930943196,0.018888429520852883,0.9572296930943196,0.015734667982109176,0.008147209402718087
freeway/freeway764.jpg,freeway,freeway,True,0.9138432640774558,0.03269281053017727,0.9138432640774558,0.03219187630969402,0.021272049082672887
freeway/freeway765.jpg,freeway,freeway,True,0.8696780818577408,0.04227283874542927,0.8696780818577408,0.05508993733727294,0.032959142059557064
freeway/freeway766.jpg,freeway,freeway,True,0.7688474121972197,0.04583937368512885,0.7688474121972197,0.12839559473004095,0.05691761938761047
freeway/freeway767.jpg,freeway,freeway,True,0.8080944065484854,0.04113574736067503,0.8080944065484854,0.10928267108592944,0.04148717500491025
freeway/freeway768.jpg,freeway,freeway,True,0.8975219124229524,0.03273052635927586,0.8975219124229524,0.055119758535457336,0.014627802682314492
freeway/freeway769.jpg,freeway,freeway,True,0.9148603047815804,0.05273285757779609,0.9148603047815804,0.01942561062574629,0.012981227014877186
freeway/freeway770.jpg,freeway,freeway,True,0.9302191135532814,0.03713266825180077,0.9302191135532814,0.016372581506520403,0.01627563668839756
freeway/freeway771.jpg,freeway,freeway,True,0.9627045080207906,0.01743785462045053,0.9627045080207906,0.008708817681153464,0.011148819677605497
freeway/freeway772.jpg,freeway,freeway,True,0.9347193281111358,0.026662957090834754,0.9347193281111358,0.023877092397504084,0.014740622400525451
freeway/freeway773.jpg,freeway,freeway,True,0.934083532092305,0.021705983460008665,0.934083532092305,0.03486123110532211,0.009349253342364493
freeway/freeway774.jpg,freeway,freeway,True,0.9190647568782713,0.043031901954627395,0.9190647568782713,0.025934728628395704,0.011968612538705499
freeway/freeway775.jpg,freeway,freeway,True,0.9137126399645296,0.04865412832005899,0.9137126399645296,0.02423657482745916,0.013396656887952224
freeway/freeway776.jpg,freeway,freeway,True,0.8958445992979522,0.047304173779290866,0.8958445992979522,0.034221251643833196,0.02262997527892375
freeway/freeway777.jpg,freeway,freeway,True,0.9250232387013314,0.029623967160067773,0.9250232387013314,0.0319811217070186,0.013371672431582203
freeway/freeway778.jpg,freeway,freeway,True,0.9260124233634923,0.03408001917465433,0.9260124233634923,0.029832728897526768,0.01007482856432661
freeway/freeway779.jpg,freeway,freeway,True,0.9374812380140328,0.02293656146030089,0.9374812380140328,0.027904175991183923,0.011678024534482434
freeway/freeway780.jpg,freeway,freeway,True,0.9039454807110715,0.05040703586832302,0.9039454807110715,0.028938231232555327,0.016709252188050184
freeway/freeway781.jpg,freeway,freeway,True,0.8747577255939691,0.06209853833345904,0.8747577255939691,0.045375757913942265,0.01776797815862941
freeway/freeway782.jpg,freeway,freeway,True,0.9204699433343815,0.027160823615786308,0.9204699433343815,0.04229744301872893,0.01007179003110306
freeway/freeway783.jpg,freeway,freeway,True,0.9056398147158319,0.04913400449632604,0.9056398147158319,0.03043080628398207,0.014795374503860075
freeway/freeway784.jpg,freeway,freeway,True,0.9300605914930689,0.025219467221468582,0.9300605914930689,0.030094280152581806,0.014625661132880703
freeway/freeway785.jpg,freeway,freeway,True,0.9219076560617672,0.0210735867138246,0.9219076560617672,0.043785675549966485,0.013233081674441684
freeway/freeway786.jpg,freeway,freeway,True,0.9247843384348325,0.034343353229029566,0.9247843384348325,0.03131110262870927,0.009561205707428518
freeway/freeway787.jpg,freeway,freeway,True,0.935173908585038,0.024669715924379977,0.935173908585038,0.03061527596483372,0.009541099525748454
freeway/freeway788.jpg,freeway,freeway,True,0.9475972316333432,0.014094562129055667,0.9475972316333432,0.024080248876644745,0.014227957360956438
freeway/freeway789.jpg,freeway,freeway,True,0.8534736435407133,0.03348389924525505,0.8534736435407133,0.09646955942132114,0.01657289779271055
freeway/freeway790.jpg,freeway,freeway,True,0.9159563688407782,0.04671353424595367,0.9159563688407782,0.02701614477534049,0.010313952137927598
freeway/freeway791.jpg,freeway,freeway,True,0.9303756412806329,0.03141250445557873,0.9303756412806329,0.02276360216852304,0.0154482520952656
freeway/freeway792.jpg,freeway,freeway,True,0.9145567707326079,0.02471617238816,0.9145567707326079,0.04876943415311446,0.011957622726117695
freeway/freeway793.jpg,freeway,freeway,True,0.9246119253820556,0.03134780661844987,0.9246119253820556,0.032696071145747393,0.01134419685374702
freeway/freeway794.jpg,freeway,freeway,True,0.9229291659515144,0.03487637789300137,0.9229291659515144,0.028927849893148123,0.01326660626233614
freeway/freeway795.jpg,freeway,freeway,True,0.9487647381503994,0.01749486576469328,0.9487647381503994,0.024890501673648698,0.00884989441125857
freeway/freeway796.jpg,freeway,freeway,True,0.9460639026741544,0.018041292834218146,0.9460639026741544,0.024028457376309653,0.011866347115317836
freeway/freeway797.jpg,freeway,freeway,True,0.9330388555191216,0.020437418735549523,0.9330388555191216,0.031103926980808622,0.015419798764520291
freeway/freeway798.jpg,freeway,freeway,True,0.9223972772060193,0.030661370432373457,0.9223972772060193,0.03369813453083778,0.013243217830769488
freeway/freeway799.jpg,freeway,freeway,True,0.9204149641487406,0.025666405970820483,0.9204149641487406,0.036665165293605494,0.017253464586833415
freeway/freeway800.jpg,freeway,freeway,True,0.9199274169265075,0.03162922396053385,0.9199274169265075,0.028951539522504774,0.01949181959045408
overpass/overpass701.jpg,overpass,overpass,True,0.9165615691692017,0.020298186543140362,0.027915629861535826,0.9165615691692017,0.03522461442612202
overpass/overpass702.jpg,overpass,overpass,True,0.911665066280206,0.021653831638151114,0.03366866054446964,0.911665066280206,0.033012441537173184
overpass/overpass703.jpg,overpass,overpass,True,0.9030260395159228,0.02702769314927279,0.04668915940269392,0.9030260395159228,0.023257107932110412
overpass/overpass704.jpg,overpass,overpass,True,0.9208466887651424,0.021333801516339478,0.029258197970732074,0.9208466887651424,0.028561311747786144
overpass/overpass705.jpg,overpass,overpass,True,0.9330538929568998,0.011096947905049732,0.008391464357234224,0.9330538929568998,0.047457694780816344
overpass/overpass706.jpg,overpass,overpass,True,0.9013263641674374,0.02186899959341069,0.030951560859580677,0.9013263641674374,0.04585307537957115
overpass/overpass707.jpg,overpass,overpass,True,0.9427879613365058,0.016372797179324255,0.012482337126035822,0.9427879613365058,0.02835690435813397
overpass/overpass708.jpg,overpass,overpass,True,0.955182385061819,0.014911896988744436,0.012777199871783228,0.955182385061819,0.01712851807765343
overpass/overpass709.jpg,overpass,overpass,True,0.9277580224638394,0.02672526487508708,0.02249791762470543,0.9277580224638394,0.023018795036368084
overpass/overpass710.jpg,overpass,overpass,True,0.9261421455993031,0.01929082351518558,0.016615879983204237,0.9261421455993031,0.0379511509023072
overpass/overpass711.jpg,overpass,overpass,True,0.9269428812219925,0.013047327226573462,0.024937545255483574,0.9269428812219925,0.0350722462959505
overpass/overpass712.jpg,overpass,overpass,True,0.9355891647549194,0.023710190686593725,0.020133658181767888,0.9355891647549194,0.020566986376719033
overpass/overpass713.jpg,overpass,overpass,True,0.8968853412884978,0.03139695242953864,0.04436275947649736,0.8968853412884978,0.02735494680546615
overpass/overpass714.jpg,overpass,overpass,True,0.9319495192152492,0.02220359522473302,0.024832413209003645,0.9319495192152492,0.02101447235101425
overpass/overpass715.jpg,overpass,overpass,True,0.9389365761443366,0.031005670255676722,0.012641331459950542,0.9389365761443366,0.017416422140036292
overpass/overpass716.jpg,overpass,overpass,True,0.8912485912409481,0.03884910834281827,0.04021183462189718,0.8912485912409481,0.02969046579433645
overpass/overpass717.jpg,overpass,overpass,True,0.9403859812073552,0.01949439844440714,0.015094770744354655,0.9403859812073552,0.025024849603883147
overpass/overpass718.jpg,overpass,overpass,True,0.8994137771401248,0.031011877067380775,0.03613572488404589,0.8994137771401248,0.03343862090844844
overpass/overpass719.jpg,overpass,overpass,True,0.8976429732137007,0.024189645670867965,0.04090038466677319,0.8976429732137007,0.03726699644865816
overpass/overpass720.jpg,overpass,overpass,True,0.9333245343839198,0.017282468014462767,0.02857930582910928,0.9333245343839198,0.02081369177250818
overpass/overpass721.jpg,overpass,overpass,True,0.9506757340148234,0.01646754816307353,0.015021994060494174,0.9506757340148234,0.017834723761608877
overpass/overpass722.jpg,overpass,overpass,True,0.8323893710758306,0.04107104458594786,0.06783976604950602,0.8323893710758306,0.05869981828871564
overpass/overpass723.jpg,overpass,overpass,True,0.8658087917167377,0.026952072424272097,0.03731164863200734,0.8658087917167377,0.06992748722698264
overpass/overpass724.jpg,overpass,overpass,True,0.8317915581167891,0.04077471423426671,0.06389990310354252,0.8317915581167891,0.06353382454540171
overpass/overpass725.jpg,overpass,overpass,True,0.8309400167487004,0.05766433139281524,0.040785916421215346,0.8309400167487004,0.07060973543726885
overpass/overpass726.jpg,overpass,overpass,True,0.9048743381392917,0.03348562448162475,0.02241564810934324,0.9048743381392917,0.03922438926974012
overpass/overpass727.jpg,overpass,overpass,True,0.8886880742941786,0.033921039995394496,0.038544219205381064,0.8886880742941786,0.03884666650504596
overpass/overpass728.jpg,overpass,overpass,True,0.9105169236392666,0.03579881501591289,0.029680639394006798,0.9105169236392666,0.024003621950813608
overpass/overpass729.jpg,overpass,overpass,True,0.8470057083045636,0.09512473630641724,0.019523591011173427,0.8470057083045636,0.03834596437784571
overpass/overpass730.jpg,overpass,overpass,True,0.8825497961630039,0.061588509404537466,0.0165310473265941,0.8825497961630039,0.03933064710586442
overpass/overpass731.jpg,overpass,overpass,True,0.9054899733823667,0.050812121718149576,0.02152112066477581,0.9054899733823667,0.022176784234707994
overpass/overpass732.jpg,overpass,overpass,True,0.9013961088270783,0.062110713604293454,0.01679823215179372,0.9013961088270783,0.019694945416834354
overpass/overpass733.jpg,overpass,overpass,True,0.8985326850102333,0.04504912026989774,0.02848907712894493,0.8985326850102333,0.02792911759092406
overpass/overpass734.jpg,overpass,overpass,True,0.9017939540764339,0.05199649579313803,0.025876260908253013,0.9017939540764339,0.020333289222174904
overpass/overpass735.jpg,overpass,overpass,True,0.9162649111092176,0.05436569192595896,0.011562033857633703,0.9162649111092176,0.017807363107189753
overpass/overpass736.jpg,overpass,overpass,True,0.9230654937180072,0.02457160879085838,0.023832935802594147,0.9230654937180072,0.028529961688540148
overpass/overpass737.jpg,overpass,overpass,True,0.8781794028260395,0.060889768345218746,0.03127935058814098,0.8781794028260395,0.029651478240600986
overpass/overpass738.jpg,overpass,overpass,True,0.9245300925434158,0.045299039816808946,0.01559232528853318,0.9245300925434158,0.01457854235124199
overpass/overpass739.jpg,overpass,overpass,True,0.8782922032449636,0.06685321461012653,0.03467142744260533,0.8782922032449636,0.02018315470230456
overpass/overpass740.jpg,overpass,overpass,True,0.9217574443906612,0.033475690683638384,0.017240588587832284,0.9217574443906612,0.027526276337868083
overpass/overpass741.jpg,overpass,overpass,True,0.9115362084587064,0.029613877617919938,0.019937449659966685,0.9115362084587064,0.038912464263406984
overpass/overpass742.jpg,overpass,overpass,True,0.8428281942276602,0.06255834189623241,0.05074214128154101,0.8428281942276602,0.04387132259456635
overpass/overpass743.jpg,overpass,overpass,True,0.857197524597564,0.05790532147293367,0.04046238927209185,0.857197524597564,0.04443476465741041
overpass/overpass744.jpg,overpass,overpass,True,0.8998730326543153,0.039500729390479515,0.027832708246322165,0.8998730326543153,0.03279352970888294
overpass/overpass745.jpg,overpass,overpass,True,0.9166005965319962,0.029446436922117947,0.019103411219642128,0.9166005965319962,0.0348495553262437
overpass/overpass746.jpg,overpass,overpass,True,0.8738344515647251,0.0513163400062892,0.033049733873298764,0.8738344515647251,0.04179947455568708
overpass/overpass747.jpg,overpass,overpass,True,0.8794387609081173,0.061347476849251785,0.030702347182961078,0.8794387609081173,0.028511415059669858
overpass/overpass748.jpg,overpass,overpass,True,0.8518880621519684,0.05906025314931898,0.03797844703175853,0.8518880621519684,0.051073237666954055
overpass/overpass749.jpg,overpass,overpass,True,0.8897612324919506,0.04191457926355485,0.0393491922169328,0.8897612324919506,0.028974996027561623
overpass/overpass750.jpg,overpass,overpass,True,0.865407339722034,0.06434765343701644,0.03407735691647701,0.865407339722034,0.036167649924472425
overpass/overpass751.jpg,overpass,overpass,True,0.8896478888232656,0.03927758376775918,0.02148559781940576,0.8896478888232656,0.04958892958956954
overpass/overpass752.jpg,overpass,overpass,True,0.9082351977635631,0.04572467094750759,0.012405878576902722,0.9082351977635631,0.03363425271202649
overpass/overpass753.jpg,overpass,overpass,True,0.8708623294558967,0.045130966236985,0.03446875797201595,0.8708623294558967,0.04953794633510252
overpass/overpass754.jpg,overpass,overpass,True,0.8444279132234676,0.05599546085472526,0.04663539635839317,0.8444279132234676,0.05294122956341401
overpass/overpass755.jpg,overpass,overpass,True,0.9144106153711251,0.04404843929939804,0.019956036565010157,0.9144106153711251,0.021584908764466504
overpass/overpass756.jpg,overpass,overpass,True,0.8430285796226578,0.06989537903783136,0.02255784600139714,0.8430285796226578,0.06451819533811382
overpass/overpass757.jpg,overpass,overpass,True,0.866597659653549,0.03749595460535409,0.0344620631098871,0.866597659653549,0.06144432263120982
overpass/overpass758.jpg,overpass,overpass,True,0.8770737244825337,0.03828795415421483,0.027842044095745425,0.8770737244825337,0.05679627726750604
overpass/overpass759.jpg,overpass,overpass,True,0.8585589696035822,0.034382430979084985,0.03694189585938791,0.8585589696035822,0.07011670355794485
overpass/overpass760.jpg,overpass,overpass,True,0.9357069891227501,0.03318019927450861,0.01838208342036107,0.9357069891227501,0.012730728182380227
overpass/overpass761.jpg,overpass,overpass,True,0.9034187399335947,0.03111958023666873,0.016467124506297472,0.9034187399335947,0.048994555323439125
overpass/overpass762.jpg,overpass,overpass,True,0.9133255636028061,0.02595031448652788,0.019839233477556565,0.9133255636028061,0.0408848884331095
overpass/overpass763.jpg,overpass,overpass,True,0.9005843741765458,0.044444456953458424,0.02716374327843134,0.9005843741765458,0.027807425591564617
overpass/overpass764.jpg,overpass,overpass,True,0.9208574044309136,0.035986557758851595,0.019048937495353368,0.9208574044309136,0.024107100314881447
overpass/overpass765.jpg,overpass,overpass,True,0.9249566187006206,0.03392961906440644,0.021072971991863847,0.9249566187006206,0.020040790243109126
overpass/overpass766.jpg,overpass,overpass,True,0.9452562558533367,0.01937221424905206,0.018212246634564288,0.9452562558533367,0.01715928326304696
overpass/overpass767.jpg,overpass,overpass,True,0.9509274372859301,0.011948403170555516,0.019493928414912366,0.9509274372859301,0.017630231128602066
overpass/overpass768.jpg,overpass,overpass,True,0.8891239965563225,0.036879628774906165,0.051985492134002054,0.8891239965563225,0.022010882534769252
overpass/overpass769.jpg,overpass,overpass,True,0.9336286842347892,0.013812042732469812,0.01597903146505538,0.9336286842347892,0.036580241567685676
overpass/overpass770.jpg,overpass,overpass,True,0.9151204789856279,0.03548118938244544,0.020913965181370717,0.9151204789856279,0.028484366450555906
overpass/overpass771.jpg,overpass,overpass,True,0.9073146869585684,0.03661952737763503,0.031038868937376823,0.9073146869585684,0.025026916726419754
overpass/overpass772.jpg,overpass,overpass,True,0.9260743000661709,0.030867057149802448,0.02452794414419628,0.9260743000661709,0.018530698639830572
overpass/overpass773.jpg,overpass,overpass,True,0.9178819398035089,0.03663354873306013,0.019474709085137164,0.9178819398035089,0.026009802378293954
overpass/overpass774.jpg,overpass,overpass,True,0.926405452906219,0.020628030157966337,0.029810075235959854,0.926405452906219,0.02315644169985467
overpass/overpass775.jpg,overpass,overpass,True,0.8887466631777879,0.04992102181278397,0.02919553271252135,0.8887466631777879,0.03213678229690659
overpass/overpass776.jpg,overpass,overpass,True,0.935885818685955,0.04131920677497822,0.014229897295138641,0.935885818685955,0.008565077243928146
