image_path,true_label,predicted_label,correct,confidence,prob_bridge,prob_freeway,prob_overpass,prob_railway
data/raw/val/bridge/bridge701.jpg,bridge,bridge,True,0.9646639629396355,0.9646639629396355,0.014467967456376848,0.012004448763940056,0.00886362084004744
data/raw/val/bridge/bridge702.jpg,bridge,bridge,True,0.9626119806102458,0.9626119806102458,0.01512686778003967,0.012551156990025339,0.009709994619689266
data/raw/val/bridge/bridge703.jpg,bridge,bridge,True,0.9614138988499167,0.9614138988499167,0.015108042447443749,0.012831461142062963,0.010646597560576473
data/raw/val/bridge/bridge704.jpg,bridge,bridge,True,0.9596598372601073,0.9596598372601073,0.016173892987558426,0.012224093212335273,0.011942176539998824
data/raw/val/bridge/bridge705.jpg,bridge,bridge,True,0.9590326928497066,0.9590326928497066,0.017335252885251156,0.01250448941411608,0.011127564850926194
data/raw/val/bridge/bridge706.jpg,bridge,bridge,True,0.9577074868324813,0.9577074868324813,0.01731129670447697,0.012781992181012473,0.012199224282029113
data/raw/val/bridge/bridge707.jpg,bridge,bridge,True,0.9587081114333154,0.9587081114333154,0.016539290118236048,0.013097405828504199,0.011655192619944446
data/raw/val/bridge/bridge708.jpg,bridge,bridge,True,0.9604832158454685,0.9604832158454685,0.014745324573040347,0.011952422808565935,0.012819036772925216
data/raw/val/bridge/bridge709.jpg,bridge,bridge,True,0.9565114770636475,0.9565114770636475,0.017289679972507428,0.01218399102908205,0.014014851934762816
data/raw/val/bridge/bridge710.jpg,bridge,bridge,True,0.9594842747103488,0.9594842747103488,0.015433653637757356,0.011664627190567323,0.013417444461326557
data/raw/val/bridge/bridge711.jpg,bridge,bridge,True,0.9590997629951131,0.9590997629951131,0.016164454584214154,0.01193520829969502,0.012800574120977699
data/raw/val/bridge/bridge712.jpg,bridge,bridge,True,0.9555861436650805,0.9555861436650805,0.01768071211706774,0.013054753460860718,0.013678390756991003
data/raw/val/bridge/bridge713.jpg,bridge,bridge,True,0.956277743551306,0.956277743551306,0.017285451968781014,0.013372604274911874,0.0130642002050009
data/raw/val/bridge/bridge714.jpg,bridge,bridge,True,0.9539696883076109,0.9539696883076109,0.018067482825578525,0.013655252593919805,0.014307576272890817
data/raw/val/bridge/bridge715.jpg,bridge,bridge,True,0.9559759542809986,0.9559759542809986,0.017279997926755896,0.01306007886403967,0.01368396892820577
data/raw/val/bridge/bridge716.jpg,bridge,bridge,True,0.9644104576477991,0.9644104576477991,0.012871454559904051,0.012284607812972234,0.01043347997932444
data/raw/val/bridge/bridge717.jpg,bridge,bridge,True,0.9657504967305405,0.9657504967305405,0.012301675691251695,0.011740806806727186,0.010207020771480625
data/raw/val/bridge/bridge718.jpg,bridge,bridge,True,0.9638801796961669,0.9638801796961669,0.013168060980295488,0.01227785169771032,0.010673907625827086
data/raw/val/bridge/bridge719.jpg,bridge,bridge,True,0.9606976346862893,0.9606976346862893,0.015096787685802344,0.012526198004163,0.011679379623745429
data/raw/val/bridge/bridge720.jpg,bridge,bridge,True,0.966464438849788,0.966464438849788,0.012601387829798761,0.010955177906048294,0.009978995414364781
data/raw/val/bridge/bridge721.jpg,bridge,bridge,True,0.945242853593384,0.945242853593384,0.01965346317100277,0.02059232675569679,0.014511356479916387
data/raw/val/bridge/bridge722.jpg,bridge,bridge,True,0.9447887062671898,0.9447887062671898,0.019644018210654545,0.019644018210654545,0.015923257311501172
data/raw/val/bridge/bridge723.jpg,bridge,bridge,True,0.94277674766973,0.94277674766973,0.021519745704714353,0.02053859963877013,0.015164906986785697
data/raw/val/bridge/bridge724.jpg,bridge,bridge,True,0.9567380929479061,0.9567380929479061,0.01503456227539392,0.015752776816483453,0.012474567960216681
data/raw/val/bridge/bridge725.jpg,bridge,bridge,True,0.9524659513933843,0.9524659513933843,0.0184648431444495,0.017216550908701916,0.011852654553464211
data/raw/val/bridge/bridge726.jpg,bridge,bridge,True,0.9523414046114144,0.9523414046114144,0.01762067640235672,0.01762067640235672,0.012417242583872197
data/raw/val/bridge/bridge727.jpg,bridge,bridge,True,0.9516111881510797,0.9516111881510797,0.018883779481979494,0.016804404112962582,0.012700628253978222
data/raw/val/bridge/bridge728.jpg,bridge,bridge,True,0.9553424839847141,0.9553424839847141,0.017676204862644374,0.015367035090857732,0.01161427606178393
data/raw/val/bridge/bridge729.jpg,bridge,bridge,True,0.9532503737569271,0.9532503737569271,0.018053858462026003,0.016833350323011174,0.011862417458035622
data/raw/val/bridge/bridge730.jpg,bridge,bridge,True,0.9524678676425066,0.9524678676425066,0.01934696651315098,0.01605268209153863,0.012132483752803945
data/raw/val/bridge/bridge731.jpg,bridge,bridge,True,0.9468866830626502,0.9468866830626502,0.02212378721428031,0.01711570238448265,0.013873827338586857
data/raw/val/bridge/bridge732.jpg,bridge,bridge,True,0.9501021018917606,0.9501021018917606,0.020220834728901828,0.016390819382717033,0.013286243996620685
data/raw/val/bridge/bridge733.jpg,bridge,bridge,True,0.9496487864709565,0.9496487864709565,0.020688309754707514,0.016382998948291084,0.013279904826044974
data/raw/val/bridge/bridge734.jpg,bridge,bridge,True,0.9465042447240204,0.9465042447240204,0.022114854267704716,0.017512675520637653,0.013868225487637277
data/raw/val/bridge/bridge735.jpg,bridge,bridge,True,0.9490015386183093,0.9490015386183093,0.02166183227887895,0.0163718328613753,0.01296479624143664
data/raw/val/bridge/bridge736.jpg,bridge,bridge,True,0.9491966251585526,0.9491966251585526,0.020678458087547945,0.017157455335283477,0.01296746141861579
data/raw/val/bridge/bridge737.jpg,bridge,bridge,True,0.9520330629254662,0.9520330629254662,0.019794642655226825,0.016045352076564337,0.012126942342742746
data/raw/val/bridge/bridge738.jpg,bridge,bridge,True,0.9553424877478661,0.9553424877478661,0.017676202825104313,0.01536703331949618,0.01161427610753327
data/raw/val/bridge/bridge739.jpg,bridge,bridge,True,0.9565020590364028,0.9565020590364028,0.016120674418983665,0.01574889331349985,0.011628373231113716
data/raw/val/bridge/bridge740.jpg,bridge,bridge,True,0.9570094364995851,0.9570094364995851,0.016129225646672324,0.01575724732953342,0.01110409052420921
data/raw/val/bridge/bridge741.jpg,bridge,bridge,True,0.9615072593241505,0.9615072593241505,0.01476104831333899,0.012832705643051678,0.010898986719458737
data/raw/val/bridge/bridge742.jpg,bridge,bridge,True,0.9632321862675642,0.9632321862675642,0.01378783725656062,0.01255924363212818,0.010420732843747046
data/raw/val/bridge/bridge743.jpg,bridge,bridge,True,0.9573613204699384,0.9573613204699384,0.015399506982192484,0.015044357713561194,0.01219481483430774
data/raw/val/bridge/bridge744.jpg,bridge,bridge,True,0.9366017088479724,0.9366017088479724,0.02292887609720706,0.021883483791555008,0.01858593126326539
data/raw/val/bridge/bridge745.jpg,bridge,bridge,True,0.9542711737837432,0.9542711737837432,0.01608307269584313,0.014649957392281348,0.014995796128132352
data/raw/val/bridge/bridge746.jpg,bridge,bridge,True,0.9619917395209384,0.9619917395209384,0.012543069885937326,0.013770079690650635,0.011695110902473724
data/raw/val/bridge/bridge747.jpg,bridge,bridge,True,0.9393921706476548,0.9393921706476548,0.016980233329624915,0.024095781253291006,0.019531814769429216
data/raw/val/bridge/bridge748.jpg,bridge,bridge,True,0.9429805230506612,0.9429805230506612,0.013186657288621863,0.027180824567767624,0.016651995092949377
data/raw/val/bridge/bridge749.jpg,bridge,bridge,True,0.9416210816404387,0.9416210816404387,0.020997678396722244,0.019126639314320414,0.01825460064851862
data/raw/val/bridge/bridge750.jpg,bridge,bridge,True,0.9449384918559465,0.9449384918559465,0.021569092073706286,0.019647133719146902,0.013845282351200468
data/raw/val/bridge/bridge751.jpg,bridge,bridge,True,0.7588368877298594,0.7588368877298594,0.04302985826262737,0.1589376551805458,0.03919559882696733
data/raw/val/bridge/bridge752.jpg,bridge,bridge,True,0.956057744008066,0.956057744008066,0.01810702798239536,0.012465698618219516,0.013369529391319171
data/raw/val/bridge/bridge753.jpg,bridge,bridge,True,0.9579812714135576,0.9579812714135576,0.01614560473764149,0.012785647756571542,0.013087476092229272
data/raw/val/bridge/bridge754.jpg,bridge,bridge,True,0.9579052924153274,0.9579052924153274,0.0165254401711118,0.012784633706780324,0.012784633706780324
data/raw/val/bridge/bridge755.jpg,bridge,bridge,True,0.9563640364513125,0.9563640364513125,0.01688833517896212,0.013373814184862665,0.013373814184862665
data/raw/val/bridge/bridge756.jpg,bridge,bridge,True,0.9554519751793332,0.9554519751793332,0.016872228176128545,0.013676470250935645,0.013999326393602669
data/raw/val/bridge/bridge757.jpg,bridge,bridge,True,0.9626079854435377,0.9626079854435377,0.014777946647980218,0.01091146379567488,0.01170260411280717
data/raw/val/bridge/bridge758.jpg,bridge,bridge,True,0.9604328318523343,0.9604328318523343,0.015092625568344132,0.012522745333301302,0.011951797246020152
data/raw/val/bridge/bridge759.jpg,bridge,bridge,True,0.9631218643950535,0.9631218643950535,0.014785835711694482,0.01117501111829191,0.010917288774959923
data/raw/val/bridge/bridge760.jpg,bridge,bridge,True,0.959014536180448,0.959014536180448,0.015070337004759607,0.013410875629713145,0.012504251185079236
data/raw/val/bridge/bridge761.jpg,bridge,bridge,True,0.959673928272133,0.959673928272133,0.014393126382664365,0.013420096579969044,0.012512848765233469
data/raw/val/bridge/bridge762.jpg,bridge,bridge,True,0.9614156623826139,0.9614156623826139,0.01376183528522347,0.013134393512317497,0.011688108819845174
data/raw/val/bridge/bridge763.jpg,bridge,bridge,True,0.9541453079080425,0.9541453079080425,0.016849152868867682,0.015347774414322292,0.013657764808767531
data/raw/val/bridge/bridge764.jpg,bridge,bridge,True,0.9610749551635012,0.9610749551635012,0.014414140610024254,0.012826937447588824,0.011683966778885672
data/raw/val/bridge/bridge765.jpg,bridge,bridge,True,0.95978126530645,0.95978126530645,0.01543843175974881,0.013112065173812465,0.011668237759988766
data/raw/val/bridge/bridge766.jpg,bridge,bridge,True,0.9609564777635901,0.9609564777635901,0.01510085254942207,0.012529571474215908,0.011413098212771842
data/raw/val/bridge/bridge767.jpg,bridge,bridge,True,0.9593179200633029,0.9593179200633029,0.01507510539867112,0.01280348726901287,0.01280348726901287
data/raw/val/bridge/bridge768.jpg,bridge,bridge,True,0.9591936203102508,0.9591936203102508,0.015793207290393612,0.012506586199677903,0.012506586199677903
data/raw/val/bridge/bridge769.jpg,bridge,bridge,True,0.9616918038041025,0.9616918038041025,0.014090754330062917,0.01224997774857984,0.01196746411725459
data/raw/val/bridge/bridge770.jpg,bridge,bridge,True,0.9561042092149241,0.9561042092149241,0.016494368526652658,0.014339589680718945,0.013061832577704198
data/raw/val/bridge/bridge771.jpg,bridge,bridge,True,0.9585400422730008,0.9585400422730008,0.016155020212449724,0.01309510818798859,0.01220982932656073
data/raw/val/bridge/bridge772.jpg,bridge,bridge,True,0.9604832081647755,0.9604832081647755,0.014745327970686182,0.011952424137825941,0.012819039726712141
data/raw/val/bridge/bridge773.jpg,bridge,bridge,True,0.9582638369997706,0.9582638369997706,0.016150365110341274,0.01309133480578698,0.012494463084101112
data/raw/val/bridge/bridge774.jpg,bridge,bridge,True,0.9609752503249129,0.9609752503249129,0.01510114754892212,0.011682753255946941,0.012240848870217983
data/raw/val/bridge/bridge775.jpg,bridge,bridge,True,0.9645782652030996,0.9645782652030996,0.01515776856565396,0.011191909597938435,0.009072056633307974
data/raw/val/bridge/bridge776.jpg,bridge,bridge,True,0.9620066168715068,0.9620066168715068,0.015117355754380736,0.01197138028004469,0.010904647094067582
data/raw/val/bridge/bridge777.jpg,bridge,bridge,True,0.9603553797427307,0.9603553797427307,0.015447667520633531,0.012521733969823517,0.0116752187668123
data/raw/val/bridge/bridge778.jpg,bridge,bridge,True,0.9574482292422015,0.9574482292422015,0.018133362746379434,0.012778532013333524,0.011639875998085561
data/raw/val/bridge/bridge779.jpg,bridge,bridge,True,0.959826226644799,0.959826226644799,0.017349594550150005,0.011944247118894824,0.01087993168615602
data/raw/val/bridge/bridge780.jpg,bridge,bridge,True,0.9596386301218645,0.9596386301218645,0.01775569210244959,0.012223823076997124,0.010381854698688688
data/raw/val/bridge/bridge781.jpg,bridge,bridge,True,0.9604596523221177,0.9604596523221177,0.016187374822018905,0.01167648642793172,0.01167648642793172
data/raw/val/bridge/bridge782.jpg,bridge,bridge,True,0.9612302278681072,0.9612302278681072,0.016200360000823224,0.01141634949095239,0.011153062640117062
data/raw/val/bridge/bridge783.jpg,bridge,bridge,True,0.9642810746303249,0.9642810746303249,0.014803631893805664,0.011188461324072184,0.009726832151797114
data/raw/val/bridge/bridge784.jpg,bridge,bridge,True,0.9603392128612441,0.9603392128612441,0.01656742929783311,0.01195063223461823,0.011142725606304608
data/raw/val/bridge/bridge785.jpg,bridge,bridge,True,0.9591891357401322,0.9591891357401322,0.016938223319758874,0.011936320470054428,0.011936320470054428
data/raw/val/bridge/bridge786.jpg,bridge,bridge,True,0.9591629280953485,0.9591629280953485,0.0177468925520311,0.012217765067720317,0.010872414284899962
data/raw/val/bridge/bridge787.jpg,bridge,bridge,True,0.9608509512795615,0.9608509512795615,0.01657625663833399,0.01168124352205307,0.010891548560051447
data/raw/val/bridge/bridge788.jpg,bridge,bridge,True,0.9594532586197979,0.9594532586197979,0.016942885419058456,0.011939605838906433,0.011664250122237261
data/raw/val/bridge/bridge789.jpg,bridge,bridge,True,0.9566408745754559,0.9566408745754559,0.018118069885076717,0.012767755175056726,0.012473300364410628
data/raw/val/bridge/bridge790.jpg,bridge,bridge,True,0.958122983182465,0.958122983182465,0.018574515692847612,0.011923053077708013,0.011379448046979372
data/raw/val/bridge/bridge791.jpg,bridge,bridge,True,0.95759621551177,0.95759621551177,0.01856430247938905,0.012197806914183316,0.011641675094657666
data/raw/val/bridge/bridge792.jpg,bridge,bridge,True,0.960208303228133,0.960208303228133,0.01776623140729541,0.011141204017867957,0.010884261346703656
data/raw/val/bridge/bridge793.jpg,bridge,bridge,True,0.9481245362674635,0.9481245362674635,0.016356705082449536,0.01838068112037492,0.017138077529711995
data/raw/val/bridge/bridge794.jpg,bridge,bridge,True,0.9584865198908442,0.9584865198908442,0.014375315996280131,0.013094375430245225,0.014043788682630277
data/raw/val/bridge/bridge795.jpg,bridge,bridge,True,0.9590941187129614,0.9590941187129614,0.014052691248586656,0.012800498789865306,0.014052691248586656
data/raw/val/bridge/bridge796.jpg,bridge,bridge,True,0.9611176616300342,0.9611176616300342,0.013757568021663145,0.011684484576434152,0.013440285771868466
data/raw/val/bridge/bridge797.jpg,bridge,bridge,True,0.9563923198467096,0.9563923198467096,0.01649933497467985,0.012764437852947065,0.014343907325663367
data/raw/val/bridge/bridge798.jpg,bridge,bridge,True,0.9575830103192119,0.9575830103192119,0.01613889060922443,0.011916332138672193,0.014361766932891295
data/raw/val/bridge/bridge799.jpg,bridge,bridge,True,0.9593699928694027,0.9593699928694027,0.014388567979508054,0.012508885859066357,0.013732553292022893
data/raw/val/bridge/bridge800.jpg,bridge,bridge,True,0.958324614207275,0.958324614207275,0.015778900909496837,0.012495255536603437,0.013401229346624773
data/raw/val/freeway/freeway701.jpg,freeway,freeway,True,0.9616537618842699,0.014090196098191917,0.9616537618842699,0.011421381085837628,0.012834660931700551
data/raw/val/freeway/freeway702.jpg,freeway,freeway,True,0.9647325408288705,0.012578807723855594,0.9647325408288705,0.012005303590451695,0.010683347856822265
data/raw/val/freeway/freeway703.jpg,freeway,freeway,True,0.9631501672471189,0.012558174215143445,0.9631501672471189,0.010179537879015302,0.014112120658722428
data/raw/val/freeway/freeway704.jpg,freeway,freeway,True,0.967630546328842,0.011227324255476016,0.967630546328842,0.00910076396399584,0.012041365451686081
data/raw/val/freeway/freeway705.jpg,freeway,freeway,True,0.9628929516879328,0.013465113866065042,0.9628929516879328,0.01017682057993724,0.013465113866065042
data/raw/val/freeway/freeway706.jpg,freeway,freeway,True,0.9636998995457748,0.01286196806621679,0.9636998995457748,0.011992451073958018,0.01144568131405027
data/raw/val/freeway/freeway707.jpg,freeway,freeway,True,0.9598283050485656,0.01655861233771143,0.9598283050485656,0.011668809630804558,0.011944272982918449
data/raw/val/freeway/freeway708.jpg,freeway,freeway,True,0.9629607843111289,0.014109347493177564,0.9629607843111289,0.012266141221952293,0.010663726973741268
data/raw/val/freeway/freeway709.jpg,freeway,freeway,True,0.9680290797088239,0.013536936773883377,0.9680290797088239,0.008894540538792772,0.009539442978499879
data/raw/val/freeway/freeway710.jpg,freeway,freeway,True,0.9659049818685956,0.013195723626709883,0.9659049818685956,0.010449647252347323,0.010449647252347323
data/raw/val/freeway/freeway711.jpg,freeway,freeway,True,0.965633418782541,0.013192014450339715,0.965633418782541,0.009970414322851905,0.011204152444267305
data/raw/val/freeway/freeway712.jpg,freeway,freeway,True,0.9666166738645122,0.012900898173236919,0.9666166738645122,0.009525524424505237,0.01095690353774543
data/raw/val/freeway/freeway713.jpg,freeway,freeway,True,0.963178099261758,0.012855005419665994,0.963178099261758,0.010179833092587106,0.013787062225989001
data/raw/val/freeway/freeway714.jpg,freeway,freeway,True,0.9538653042158245,0.016455739813452597,0.9538653042158245,0.012437110688955247,0.017241845281767466
data/raw/val/freeway/freeway715.jpg,freeway,freeway,True,0.9565779885673428,0.01503204812354631,0.9565779885673428,0.011099083151297491,0.017290880157813358
data/raw/val/freeway/freeway716.jpg,freeway,freeway,True,0.9664142172332082,0.012310131593291116,0.9664142172332082,0.00867491666346481,0.012600734510035872
data/raw/val/freeway/freeway717.jpg,freeway,freeway,True,0.9650382712704073,0.011732148150522955,0.9650382712704073,0.00973446893512531,0.013495111643944511
data/raw/val/freeway/freeway718.jpg,freeway,freeway,True,0.9649919418900378,0.011461028705828559,0.9649919418900378,0.009734002764909154,0.013813026639224422
data/raw/val/freeway/freeway719.jpg,freeway,freeway,True,0.9657504967305405,0.011740806806727186,0.9657504967305405,0.010207020771480625,0.012301675691251695
data/raw/val/freeway/freeway720.jpg,freeway,freeway,True,0.9458438754515295,0.020605416466623422,0.9458438754515295,0.01833646522881052,0.015214242853036686
data/raw/val/freeway/freeway721.jpg,freeway,freeway,True,0.9105049628344717,0.04385021644030823,0.9105049628344717,0.02335481710735082,0.022290003617869137
data/raw/val/freeway/freeway722.jpg,freeway,freeway,True,0.9380941210587078,0.022435776033291065,0.9380941210587078,0.019965274822824956,0.019504828085176246
data/raw/val/freeway/freeway723.jpg,freeway,freeway,True,0.9244061715857709,0.032871623657966566,0.9244061715857709,0.022108407772251,0.020613796984011605
data/raw/val/freeway/freeway724.jpg,freeway,freeway,True,0.925182844288439,0.029967692597002313,0.925182844288439,0.02373131064760965,0.021118152466948897
data/raw/val/freeway/freeway725.jpg,freeway,freeway,True,0.9483435109211248,0.021147586462440873,0.9483435109211248,0.01525445130821725,0.01525445130821725
data/raw/val/freeway/freeway726.jpg,freeway,freeway,True,0.963388945485165,0.013161350762532012,0.963388945485165,0.011178109368435772,0.012271594383867197
data/raw/val/freeway/freeway727.jpg,freeway,freeway,True,0.9546681285745071,0.017663725509714137,0.9546681285745071,0.014318049728426237,0.013350096187352431
data/raw/val/freeway/freeway728.jpg,freeway,freeway,True,0.952360487824799,0.018037004679317615,0.952360487824799,0.014283440735777319,0.015319066760106012
data/raw/val/freeway/freeway729.jpg,freeway,freeway,True,0.9590145377566589,0.015070336131266756,0.9590145377566589,0.013410875651754906,0.012504250460319463
data/raw/val/freeway/freeway730.jpg,freeway,freeway,True,0.9680746247569315,0.010973431177075405,0.9680746247569315,0.010231586319217984,0.010720357746775282
data/raw/val/freeway/freeway731.jpg,freeway,freeway,True,0.9600061321579367,0.01406605662683958,0.9600061321579367,0.012812672456329546,0.013115138758893991
data/raw/val/freeway/freeway732.jpg,freeway,freeway,True,0.9641729848403349,0.012281581433223249,0.9641729848403349,0.012868283607276734,0.010677150119165004
data/raw/val/freeway/freeway733.jpg,freeway,freeway,True,0.9647366950729332,0.01287580790345768,0.9647366950729332,0.011193748511804531,0.011193748511804531
data/raw/val/freeway/freeway734.jpg,freeway,freeway,True,0.9409996903305607,0.02250526526853138,0.9409996903305607,0.017821839560453454,0.018673204840454396
data/raw/val/freeway/freeway735.jpg,freeway,freeway,True,0.9561327119185951,0.01649485926195182,0.9561327119185951,0.013686214409726553,0.013686214409726553
data/raw/val/freeway/freeway736.jpg,freeway,freeway,True,0.943420566224038,0.024770376450994964,0.943420566224038,0.015533504419840341,0.016275552905126757
data/raw/val/freeway/freeway737.jpg,freeway,freeway,True,0.952872220682388,0.01682667055085956,0.952872220682388,0.014973812423628777,0.015327296343123744
data/raw/val/freeway/freeway738.jpg,freeway,freeway,True,0.9609130248232601,0.013437425729138384,0.9609130248232601,0.01282477472380076,0.01282477472380076
data/raw/val/freeway/freeway739.jpg,freeway,freeway,True,0.9565739902409307,0.014346635426452302,0.9565739902409307,0.013692530927986587,0.01538684340463043
data/raw/val/freeway/freeway740.jpg,freeway,freeway,True,0.9622973348400982,0.013456783946330604,0.9622973348400982,0.01254705443516739,0.011698826778403905
data/raw/val/freeway/freeway741.jpg,freeway,freeway,True,0.9584716886845212,0.014714444513925,0.9584716886845212,0.013094173594010397,0.013719693207543468
data/raw/val/freeway/freeway742.jpg,freeway,freeway,True,0.9552635429640932,0.015728499158849607,0.9552635429640932,0.015011392400960196,0.013996565476096878
data/raw/val/freeway/freeway743.jpg,freeway,freeway,True,0.9465449777276242,0.019226655750142686,0.9465449777276242,0.016714939427788667,0.01751342709444433
data/raw/val/freeway/freeway744.jpg,freeway,freeway,True,0.9562266559565917,0.015744358776766575,0.9562266559565917,0.014341426129106402,0.013687559137535266
data/raw/val/freeway/freeway745.jpg,freeway,freeway,True,0.9605672673824618,0.01407427672970727,0.9605672673824618,0.01312280315216228,0.012235652735668642
data/raw/val/freeway/freeway746.jpg,freeway,freeway,True,0.9607840261575392,0.013125765969911449,0.9607840261575392,0.014409777275430068,0.011680430597119158
data/raw/val/freeway/freeway747.jpg,freeway,freeway,True,0.958175506242153,0.014709897525040844,0.958175506242153,0.01371545361205961,0.013399142620746572
data/raw/val/freeway/freeway748.jpg,freeway,freeway,True,0.9591006234959825,0.01310276657620333,0.9591006234959825,0.01341208107504634,0.014384528852767907
data/raw/val/freeway/freeway749.jpg,freeway,freeway,True,0.9614555230195471,0.013445012835456988,0.9614555230195471,0.01196452451022298,0.013134939634772943
data/raw/val/freeway/freeway750.jpg,freeway,freeway,True,0.9454275248360562,0.01876107193949858,0.9454275248360562,0.017905701612222685,0.017905701612222685
data/raw/val/freeway/freeway751.jpg,freeway,freeway,True,0.9497012567224551,0.019746160988129632,0.9497012567224551,0.015276291144707736,0.015276291144707736
data/raw/val/freeway/freeway752.jpg,freeway,freeway,True,0.9491704388486256,0.018835345234702632,0.9491704388486256,0.01599710795833593,0.01599710795833593
data/raw/val/freeway/freeway753.jpg,freeway,freeway,True,0.9503586506935294,0.02070377553851653,0.9503586506935294,0.015647740604242618,0.013289833163711476
data/raw/val/freeway/freeway754.jpg,freeway,freeway,True,0.9644200451902661,0.013175437144728505,0.9644200451902661,0.011724632262108306,0.010679885402897086
data/raw/val/freeway/freeway755.jpg,freeway,freeway,True,0.9643808570466843,0.013485919959874767,0.9643808570466843,0.010679452710636826,0.011453770282804164
data/raw/val/freeway/freeway756.jpg,freeway,freeway,True,0.9581458561939091,0.015056686220905412,0.9581458561939091,0.0133987287925927,0.0133987287925927
data/raw/val/freeway/freeway757.jpg,freeway,freeway,True,0.9660764146607287,0.012022026279237322,0.9660764146607287,0.010950779530016939,0.010950779530016939
data/raw/val/freeway/freeway758.jpg,freeway,freeway,True,0.9610322390002294,0.014753754927433332,0.9610322390002294,0.011683446774165232,0.012530559298171947
data/raw/val/freeway/freeway759.jpg,freeway,freeway,True,0.9627529224304813,0.01378097618703696,0.9627529224304813,0.010913106701935378,0.012552994680546407
data/raw/val/freeway/freeway760.jpg,freeway,freeway,True,0.9565894668483989,0.015032229393824566,0.9565894668483989,0.013692752462262639,0.014685551295513808
data/raw/val/freeway/freeway761.jpg,freeway,freeway,True,0.9581613611386413,0.014709680369601384,0.9581613611386413,0.013089934050156647,0.014039024441600819
data/raw/val/freeway/freeway762.jpg,freeway,freeway,True,0.9672286392732855,0.01232050565682107,0.9672286392732855,0.009986886576747418,0.010463968493145959
data/raw/val/freeway/freeway763.jpg,freeway,freeway,True,0.9608668573295716,0.015455893903441039,0.9608668573295716,0.011148845821898125,0.012528402945089386
data/raw/val/freeway/freeway764.jpg,freeway,freeway,True,0.9576700573997395,0.014363072459273084,0.9576700573997395,0.015768122632974217,0.012198747508012992
data/raw/val/freeway/freeway765.jpg,freeway,freeway,True,0.9531596813629235,0.014978331480458115,0.9531596813629235,0.017229091635684885,0.014632895520933364
data/raw/val/freeway/freeway766.jpg,freeway,freeway,True,0.9098686378524679,0.030167378322343074,0.9098686378524679,0.03311846558254486,0.02684551824264399
data/raw/val/freeway/freeway767.jpg,freeway,freeway,True,0.9308958047423443,0.025018513744657807,0.9308958047423443,0.023327168943454428,0.02075851256954348
data/raw/val/freeway/freeway768.jpg,freeway,freeway,True,0.9580599152558079,0.014037538051848155,0.9580599152558079,0.015410743216273238,0.0124918034760708
data/raw/val/freeway/freeway769.jpg,freeway,freeway,True,0.950732987795674,0.017185228314229518,0.950732987795674,0.01678889606319589,0.015292887826900598
data/raw/val/freeway/freeway770.jpg,freeway,freeway,True,0.944913756648842,0.02156852618422007,0.944913756648842,0.018318434707289884,0.01519928245964795
data/raw/val/freeway/freeway771.jpg,freeway,freeway,True,0.9572001000101535,0.015396913692132561,0.9572001000101535,0.013701493148856965,0.013701493148856965
data/raw/val/freeway/freeway772.jpg,freeway,freeway,True,0.9657543019422142,0.012592127855397137,0.9657543019422142,0.010448016498157305,0.011205553704231512
data/raw/val/freeway/freeway773.jpg,freeway,freeway,True,0.95649973515251,0.014684173735475278,0.95649973515251,0.015748855050540397,0.013067236061474162
data/raw/val/freeway/freeway774.jpg,freeway,freeway,True,0.947378559320499,0.022135281108057386,0.947378559320499,0.015598674061681129,0.014887485509762292
data/raw/val/freeway/freeway775.jpg,freeway,freeway,True,0.9499200656495029,0.01458316098097184,0.9499200656495029,0.02021696169266135,0.015279811676863752
data/raw/val/freeway/freeway776.jpg,freeway,freeway,True,0.955903029921949,0.013682926710212701,0.955903029921949,0.01573903024470027,0.014675013123138016
data/raw/val/freeway/freeway777.jpg,freeway,freeway,True,0.9517111049796219,0.014955567973284973,0.9517111049796219,0.015308621199538021,0.01802470584755499
data/raw/val/freeway/freeway778.jpg,freeway,freeway,True,0.9549480094147489,0.01500643576979527,0.9549480094147489,0.015723305745272375,0.014322249070183346
data/raw/val/freeway/freeway779.jpg,freeway,freeway,True,0.9562266559565917,0.014341426129106402,0.9562266559565917,0.015744358776766575,0.013687559137535266
data/raw/val/freeway/freeway780.jpg,freeway,freeway,True,0.9504857874826255,0.01886144702276025,0.9504857874826255,0.016397440543113838,0.014255324951500201
data/raw/val/freeway/freeway781.jpg,freeway,freeway,True,0.9490495541742215,0.01927753215378928,0.9490495541742215,0.016759169480914275,0.014913744191074992
data/raw/val/freeway/freeway782.jpg,freeway,freeway,True,0.9600342066267534,0.013115520735195932,0.9600342066267534,0.013425136319025385,0.013425136319025385
data/raw/val/freeway/freeway783.jpg,freeway,freeway,True,0.9221298312171634,0.038608465389423946,0.9221298312171634,0.020088804399221397,0.019172898994191393
data/raw/val/freeway/freeway784.jpg,freeway,freeway,True,0.9253878637707458,0.033683348549824244,0.9253878637707458,0.022131884932353085,0.018796902747076738
data/raw/val/freeway/freeway785.jpg,freeway,freeway,True,0.9616185409303462,0.012538203881572816,0.9616185409303462,0.014422292414897052,0.011420962773184037
data/raw/val/freeway/freeway786.jpg,freeway,freeway,True,0.950173228293561,0.017995578525644516,0.950173228293561,0.017580557670797012,0.014250635509997263
data/raw/val/freeway/freeway787.jpg,freeway,freeway,True,0.950798373580678,0.016402833166575356,0.950798373580678,0.018867649983610495,0.013931143269135936
data/raw/val/freeway/freeway788.jpg,freeway,freeway,True,0.962635087228033,0.012551459765288783,0.962635087228033,0.012261993241389537,0.012551459765288783
data/raw/val/freeway/freeway789.jpg,freeway,freeway,True,0.9676016905667651,0.010715119884051978,0.9676016905667651,0.010715119884051978,0.01096806966513086
data/raw/val/freeway/freeway790.jpg,freeway,freeway,True,0.9554152484212902,0.01573099700268913,0.9554152484212902,0.016102355633394252,0.012751398942626328
data/raw/val/freeway/freeway791.jpg,freeway,freeway,True,0.9587750464488259,0.014719104290236033,0.9587750464488259,0.013098320262263364,0.013407528998674497
data/raw/val/freeway/freeway792.jpg,freeway,freeway,True,0.9574792914791193,0.014360210508622094,0.9574792914791193,0.017307170867013732,0.010853327145244838
data/raw/val/freeway/freeway793.jpg,freeway,freeway,True,0.9552073579205244,0.014664330551802808,0.9552073579205244,0.01767370153508799,0.012454609992584883
data/raw/val/freeway/freeway794.jpg,freeway,freeway,True,0.9312828846944674,0.018480382274245435,0.9312828846944674,0.02946959124733419,0.020767141783953016
data/raw/val/freeway/freeway795.jpg,freeway,freeway,True,0.9616335105475452,0.012249234482145691,0.9616335105475452,0.015468226722088666,0.01064902824822048
data/raw/val/freeway/freeway796.jpg,freeway,freeway,True,0.964362843442195,0.012573985121471455,0.964362843442195,0.012870816777876829,0.010192354658456915
data/raw/val/freeway/freeway797.jpg,freeway,freeway,True,0.9651832918285872,0.011733912590971866,0.9651832918285872,0.01288176838372704,0.010201027196713914
data/raw/val/freeway/freeway798.jpg,freeway,freeway,True,0.9627099336439623,0.013780360839703779,0.9627099336439623,0.012848757072077237,0.01066094844425676
data/raw/val/freeway/freeway799.jpg,freeway,freeway,True,0.9645385767751761,0.012002889867215785,0.9645385767751761,0.012002889867215785,0.011455643490392235
data/raw/val/freeway/freeway800.jpg,freeway,freeway,True,0.9538936080064132,0.01645623006196348,0.9538936080064132,0.015343727558946016,0.014306434372677278
data/raw/val/overpass/overpass701.jpg,overpass,overpass,True,0.9729502198232786,0.009366816569685332,0.008532168112439406,0.9729502198232786,0.009150795494596757
data/raw/val/overpass/overpass702.jpg,overpass,overpass,True,0.9627529232212962,0.013780975376946624,0.010913106710899513,0.9627529232212962,0.012552994690857563
data/raw/val/overpass/overpass703.jpg,overpass,overpass,True,0.967630545681303,0.009100763957905602,0.01204136544362799,0.967630545681303,0.011227324917163373
data/raw/val/overpass/overpass704.jpg,overpass,overpass,True,0.9738573089246998,0.008540123737580601,0.0077791384299781986,0.9738573089246998,0.009823428907741306
data/raw/val/overpass/overpass705.jpg,overpass,overpass,True,0.9483120039098522,0.015982638181082875,0.014558474037233437,0.9483120039098522,0.02114688387183168
data/raw/val/overpass/overpass706.jpg,overpass,overpass,True,0.9649858117486781,0.010938417203534872,0.011196638321630035,0.9649858117486781,0.012879132726156787
data/raw/val/overpass/overpass707.jpg,overpass,overpass,True,0.9622811941942478,0.013774225446962728,0.010170354911826628,0.9622811941942478,0.013774225446962728
data/raw/val/overpass/overpass708.jpg,overpass,overpass,True,0.9642826536735979,0.011722963365600674,0.010191508347401842,0.9642826536735979,0.013802874613399584
data/raw/val/overpass/overpass709.jpg,overpass,overpass,True,0.9704843499981317,0.009127605661549312,0.009127605661549312,0.9704843499981317,0.011260438678769769
data/raw/val/overpass/overpass710.jpg,overpass,overpass,True,0.9666850232160922,0.009091870041148363,0.010704966891521384,0.9666850232160922,0.013518139851237935
data/raw/val/overpass/overpass711.jpg,overpass,overpass,True,0.9606039681051952,0.011145796207828273,0.011678240901717646,0.9606039681051952,0.016571994785258948
data/raw/val/overpass/overpass712.jpg,overpass,overpass,True,0.9686365381844994,0.008298442101480048,0.010726580317651734,0.9686365381844994,0.012338439396368812
data/raw/val/overpass/overpass713.jpg,overpass,overpass,True,0.9594842700761826,0.011664628524760906,0.01543365540305009,0.9594842700761826,0.01341744599600641
data/raw/val/overpass/overpass714.jpg,overpass,overpass,True,0.9581903219395829,0.013399351401039174,0.014370876209153706,0.9581903219395829,0.014039450450224334
data/raw/val/overpass/overpass715.jpg,overpass,overpass,True,0.9625297820535792,0.011431785412830492,0.013777782125353208,0.9625297820535792,0.012260650408236916
data/raw/val/overpass/overpass716.jpg,overpass,overpass,True,0.9607840320696973,0.011680428580370791,0.014409775646321019,0.9607840320696973,0.013125763703610831
data/raw/val/overpass/overpass717.jpg,overpass,overpass,True,0.961071708104289,0.011414468142430027,0.013756911876640522,0.961071708104289,0.013756911876640522
data/raw/val/overpass/overpass718.jpg,overpass,overpass,True,0.9677069032297376,0.008486188499645903,0.012042316368227338,0.9677069032297376,0.011764591902389038
data/raw/val/overpass/overpass719.jpg,overpass,overpass,True,0.9556330791274199,0.01501719943965114,0.014332521993277801,0.9556330791274199,0.01501719943965114
data/raw/val/overpass/overpass720.jpg,overpass,overpass,True,0.9595431127933085,0.012511143108494797,0.012511143108494797,0.9595431127933085,0.01543460098970208
data/raw/val/overpass/overpass721.jpg,overpass,overpass,True,0.9601819666840353,0.013744175996260098,0.011673110552040981,0.9601819666840353,0.01440074676766363
data/raw/val/overpass/overpass722.jpg,overpass,overpass,True,0.9581878084083378,0.012788404291947298,0.01653031403617638,0.9581878084083378,0.012493473263538508
data/raw/val/overpass/overpass723.jpg,overpass,overpass,True,0.9584027610297278,0.011120255812109542,0.015060724223672554,0.9584027610297278,0.015416258934490017
data/raw/val/overpass/overpass724.jpg,overpass,overpass,True,0.9624222056689964,0.0111668943760329,0.011976553368171276,0.9624222056689964,0.014434346586799323
data/raw/val/overpass/overpass725.jpg,overpass,overpass,True,0.9552715283656221,0.015365893743637485,0.015365893743637485,0.9552715283656221,0.01399668414710294
data/raw/val/overpass/overpass726.jpg,overpass,overpass,True,0.961720893997615,0.013448722986797317,0.013138563438292998,0.961720893997615,0.011691819577294817
data/raw/val/overpass/overpass727.jpg,overpass,overpass,True,0.9687974761303099,0.008696309738971304,0.01177785160298743,0.9687974761303099,0.010728362527731409
data/raw/val/overpass/overpass728.jpg,overpass,overpass,True,0.9682754892020381,0.011234806796018485,0.010722580820525806,0.9682754892020381,0.009767123181417746
data/raw/val/overpass/overpass729.jpg,overpass,overpass,True,0.9517169254601938,0.017203013742555666,0.016806271317230767,0.9517169254601938,0.014273789480019717
data/raw/val/overpass/overpass730.jpg,overpass,overpass,True,0.9558693635292964,0.018103460195175607,0.014674495402368868,0.9558693635292964,0.011352680873159217
data/raw/val/overpass/overpass731.jpg,overpass,overpass,True,0.9489007598687773,0.020195270415922312,0.014911406866649891,0.9489007598687773,0.015992562848650506
data/raw/val/overpass/overpass732.jpg,overpass,overpass,True,0.9326060940167857,0.03165120414968916,0.01766286893620683,0.9326060940167857,0.01807983289731829
data/raw/val/overpass/overpass733.jpg,overpass,overpass,True,0.9516421571257003,0.01844887387589396,0.014954484499202827,0.9516421571257003,0.014954484499202827
data/raw/val/overpass/overpass734.jpg,overpass,overpass,True,0.9332273312399539,0.02885006527147068,0.018518967881328955,0.9332273312399539,0.019403635607246634
data/raw/val/overpass/overpass735.jpg,overpass,overpass,True,0.9657542953832825,0.010448018295450568,0.012592130021525663,0.9657542953832825,0.011205556299741355
data/raw/val/overpass/overpass736.jpg,overpass,overpass,True,0.965733370569035,0.00908291955367461,0.012591854938645194,0.965733370569035,0.012591854938645194
data/raw/val/overpass/overpass737.jpg,overpass,overpass,True,0.9633744196354419,0.01347184431430456,0.011711920399496867,0.9633744196354419,0.01144181565075659
data/raw/val/overpass/overpass738.jpg,overpass,overpass,True,0.9650606825722745,0.012009387044760057,0.011197508375501071,0.9650606825722745,0.011732422007464464
data/raw/val/overpass/overpass739.jpg,overpass,overpass,True,0.96738761562531,0.008683654272847265,0.013215980222764814,0.96738761562531,0.01071274987907796
data/raw/val/overpass/overpass740.jpg,overpass,overpass,True,0.9599925856188036,0.01406585646550726,0.013424554290070997,0.9599925856188036,0.012517003625618181
data/raw/val/overpass/overpass741.jpg,overpass,overpass,True,0.9596259200546774,0.015435933894760813,0.0140604849025057,0.9596259200546774,0.01087766114805619
data/raw/val/overpass/overpass742.jpg,overpass,overpass,True,0.9586327101259243,0.01578397185489364,0.014716916512934518,0.9586327101259243,0.010866401506247323
data/raw/val/overpass/overpass743.jpg,overpass,overpass,True,0.9592260755389516,0.01438640951686276,0.014726026728539298,0.9592260755389516,0.011661488215646476
data/raw/val/overpass/overpass744.jpg,overpass,overpass,True,0.9690002709802997,0.009774436481674602,0.01098392366894193,0.9690002709802997,0.010241368869083875
data/raw/val/overpass/overpass745.jpg,overpass,overpass,True,0.9475885124005813,0.016733368095554958,0.021130751632151716,0.9475885124005813,0.014547367871712
data/raw/val/overpass/overpass746.jpg,overpass,overpass,True,0.9636269988795786,0.009949696926357379,0.015500290863223047,0.9636269988795786,0.010923013330840928
data/raw/val/overpass/overpass747.jpg,overpass,overpass,True,0.9641888398226159,0.013172279314683354,0.011451489730303821,0.9641888398226159,0.011187391132396815
data/raw/val/overpass/overpass748.jpg,overpass,overpass,True,0.9622446092510313,0.009706288896102552,0.017393307632213837,0.9622446092510313,0.010655794220652354
data/raw/val/overpass/overpass749.jpg,overpass,overpass,True,0.9639693882008195,0.012278988762526654,0.013798389665861157,0.9639693882008195,0.009953233370792543
data/raw/val/overpass/overpass750.jpg,overpass,overpass,True,0.9619052497711741,0.01197011813646686,0.015472595902408544,0.9619052497711741,0.010652036189950575
data/raw/val/overpass/overpass751.jpg,overpass,overpass,True,0.9471777451307922,0.01596352354058821,0.02265302103112159,0.9471777451307922,0.014205710297497894
data/raw/val/overpass/overpass752.jpg,overpass,overpass,True,0.952772166186428,0.0149722419123818,0.017628645508405434,0.952772166186428,0.014626946392784838
data/raw/val/overpass/overpass753.jpg,overpass,overpass,True,0.9595556633108693,0.012222766978943115,0.01734470494438467,0.9595556633108693,0.010876864765802921
data/raw/val/overpass/overpass754.jpg,overpass,overpass,True,0.9621680661472496,0.010906475872153534,0.01699082491041987,0.9621680661472496,0.009934633070177038
data/raw/val/overpass/overpass755.jpg,overpass,overpass,True,0.9628810600685936,0.01198226343405777,0.013154413063290899,0.9628810600685936,0.01198226343405777
