image_path,true_label,predicted_label,correct,confidence,prob_bridge,prob_freeway,prob_overpass,prob_railway
bridge/bridge701.jpg,bridge,bridge,True,0.9132412644461355,0.9132412644461355,0.04238832248107171,0.017617105388678053,0.0267533076841145
bridge/bridge702.jpg,bridge,bridge,True,0.9144470045108922,0.9144470045108922,0.042091846587907794,0.018825111701495884,0.024636037199704273
bridge/bridge703.jpg,bridge,bridge,True,0.8846066305764467,0.8846066305764467,0.0412797253725202,0.03339957505299626,0.040714068998036874
bridge/bridge704.jpg,bridge,bridge,True,0.8763954022511669,0.8763954022511669,0.030806475911356324,0.04321390948980678,0.0495842123476699
bridge/bridge705.jpg,bridge,bridge,True,0.8896869278965183,0.8896869278965183,0.025425497374290517,0.03559028564847663,0.049297289080714714
bridge/bridge706.jpg,bridge,bridge,True,0.879398266360524,0.879398266360524,0.029810402970736498,0.03704107917900713,0.053750251489732434
bridge/bridge707.jpg,bridge,bridge,True,0.7805629520000701,0.7805629520000701,0.05826134987620567,0.06648953320371163,0.09468616492001254
bridge/bridge708.jpg,bridge,bridge,True,0.9334557315023295,0.9334557315023295,0.027524974681212913,0.016466952409635784,0.022552341406821746
bridge/bridge709.jpg,bridge,bridge,True,0.9035928908016044,0.9035928908016044,0.029051547088836616,0.04940962066146198,0.01794594144809697
bridge/bridge710.jpg,bridge,bridge,True,0.9351967379997344,0.9351967379997344,0.022543083440973305,0.016275399924392545,0.025984778634899713
bridge/bridge711.jpg,bridge,bridge,True,0.9169775227034606,0.9169775227034606,0.032299808711309844,0.0209311441242938,0.02979152446093593
bridge/bridge712.jpg,bridge,bridge,True,0.9367405578775168,0.9367405578775168,0.021216526908170382,0.018716017856561077,0.023326897357751532
bridge/bridge713.jpg,bridge,bridge,True,0.9354572682530654,0.9354572682530654,0.020717195542099522,0.020090140278093856,0.023735395926741284
bridge/bridge714.jpg,bridge,bridge,True,0.9322096890700207,0.9322096890700207,0.023640722775134893,0.013332460762408994,0.030817127392435504
bridge/bridge715.jpg,bridge,bridge,True,0.9444964363219783,0.9444964363219783,0.02114267324334425,0.018722820082608706,0.015638070352068587
bridge/bridge716.jpg,bridge,bridge,True,0.9049084509440395,0.9049084509440395,0.026781540440383163,0.026861063231283653,0.04144894538429363
bridge/bridge717.jpg,bridge,bridge,True,0.91543368734623,0.91543368734623,0.026500679176994557,0.027148401567894297,0.030917231908881355
bridge/bridge718.jpg,bridge,bridge,True,0.9096002063313312,0.9096002063313312,0.024008884780885045,0.02512394615714492,0.04126696273063892
bridge/bridge719.jpg,bridge,bridge,True,0.941488904846755,0.941488904846755,0.014446077728201152,0.016694285669172176,0.02737073175587174
bridge/bridge720.jpg,bridge,bridge,True,0.936356483202138,0.936356483202138,0.01596127177761519,0.025582150206987366,0.022100094813259516
bridge/bridge721.jpg,bridge,bridge,True,0.922368617920928,0.922368617920928,0.013823640470416782,0.027696863113400826,0.036110878495254385
bridge/bridge722.jpg,bridge,bridge,True,0.8491905108682474,0.8491905108682474,0.028663825151523062,0.044819587492533446,0.07732607648769621
bridge/bridge723.jpg,bridge,bridge,True,0.8960298892485806,0.8960298892485806,0.01694044075625645,0.05166457292568769,0.03536509706947507
bridge/bridge724.jpg,bridge,bridge,True,0.9189611134779305,0.9189611134779305,0.016717278049646584,0.04067583857523173,0.023645769897191183
bridge/bridge725.jpg,bridge,bridge,True,0.9238113448138114,0.9238113448138114,0.012162848769603662,0.045104803926865444,0.018921002489719438
bridge/bridge726.jpg,bridge,bridge,True,0.8970212015312201,0.8970212015312201,0.016327648083838874,0.03543618125214191,0.05121496913279928
bridge/bridge727.jpg,bridge,bridge,True,0.9085023010014066,0.9085023010014066,0.016753587875415275,0.024700113340810903,0.05004399778236708
bridge/bridge728.jpg,bridge,bridge,True,0.9373807458259427,0.9373807458259427,0.012592187086139189,0.023855697610060924,0.026171369477857212
bridge/bridge729.jpg,bridge,bridge,True,0.9068632678917881,0.9068632678917881,0.012010773639876867,0.03384158537282611,0.047284373095509
bridge/bridge730.jpg,bridge,bridge,True,0.9213869393289037,0.9213869393289037,0.01848540470034774,0.02580030682344239,0.03432734914730623
bridge/bridge731.jpg,bridge,bridge,True,0.9370984911390406,0.9370984911390406,0.016238263074345383,0.023669695500842018,0.02299355028577189
bridge/bridge732.jpg,bridge,bridge,True,0.9170669043425331,0.9170669043425331,0.024232284493584992,0.03220972702865374,0.026491084135228174
bridge/bridge733.jpg,bridge,bridge,True,0.921092375873955,0.921092375873955,0.02940174724829751,0.0244256591848708,0.025080217692876758
bridge/bridge734.jpg,bridge,bridge,True,0.9168020399065406,0.9168020399065406,0.029078674865085686,0.02437890348946394,0.02974038173890968
bridge/bridge735.jpg,bridge,bridge,True,0.9399733287570433,0.9399733287570433,0.01998173464393497,0.014088280257059523,0.02595665634196227
bridge/bridge736.jpg,bridge,bridge,True,0.9548827830377834,0.9548827830377834,0.013820429848617496,0.013762660239977137,0.017534126873621846
bridge/bridge737.jpg,bridge,bridge,True,0.9471162955878536,0.9471162955878536,0.014914203032233104,0.01631293116993028,0.02165657020998301
bridge/bridge738.jpg,bridge,bridge,True,0.9633153702213809,0.9633153702213809,0.008712202376492697,0.013323030253467469,0.014649397148658806
bridge/bridge739.jpg,bridge,bridge,True,0.9415860267605087,0.9415860267605087,0.014477208690718548,0.021036768893948656,0.022899995654824
bridge/bridge740.jpg,bridge,bridge,True,0.9487619525452535,0.9487619525452535,0.012595444038755376,0.025541346091848303,0.01310125732414266
bridge/bridge741.jpg,bridge,bridge,True,0.9588834123037351,0.9588834123037351,0.010082222456290736,0.016625567408712266,0.01440879783126195
bridge/bridge742.jpg,bridge,bridge,True,0.9476609913688717,0.9476609913688717,0.014532728522972499,0.023755145649604143,0.014051134458551561
bridge/bridge743.jpg,bridge,bridge,True,0.9568486507546441,0.9568486507546441,0.011808114074336414,0.019835190070853128,0.011508045100166469
bridge/bridge744.jpg,bridge,bridge,True,0.9330461802688141,0.9330461802688141,0.01621816758994113,0.0261379164377011,0.024597735703543497
bridge/bridge745.jpg,bridge,bridge,True,0.9234601887501587,0.9234601887501587,0.019097625109556173,0.0374397890642175,0.02000239707606759
bridge/bridge746.jpg,bridge,bridge,True,0.9230834168930987,0.9230834168930987,0.028566310887419802,0.03094641476640305,0.01740385745307823
bridge/bridge747.jpg,bridge,bridge,True,0.6883562020348404,0.6883562020348404,0.038661764393838005,0.11104157418637793,0.16194045938494364
bridge/bridge748.jpg,bridge,overpass,False,0.5805985851391952,0.18945095953804153,0.04622694156988834,0.5805985851391952,0.18372351375287493
bridge/bridge749.jpg,bridge,bridge,True,0.8717334123389363,0.8717334123389363,0.020393945977634498,0.06764910434860356,0.04022353733482552
bridge/bridge750.jpg,bridge,bridge,True,0.47715461776980006,0.47715461776980006,0.041956088936043134,0.41204591131714635,0.0688433819770105
bridge/bridge751.jpg,bridge,bridge,True,0.5845889026209186,0.5845889026209186,0.056682334728402346,0.3086425917681205,0.05008617088255856
bridge/bridge752.jpg,bridge,bridge,True,0.9194683735067655,0.9194683735067655,0.02422378606906599,0.024829531239150483,0.03147830918501808
bridge/bridge753.jpg,bridge,bridge,True,0.9229900483885783,0.9229900483885783,0.021644961203098896,0.02175796698576266,0.03360702342256001
bridge/bridge754.jpg,bridge,bridge,True,0.9026930842595514,0.9026930842595514,0.021981805504676134,0.026393665572015116,0.04893144466375731
bridge/bridge755.jpg,bridge,bridge,True,0.9039817445680308,0.9039817445680308,0.025144679137936193,0.02392155631657822,0.04695201997745465
bridge/bridge756.jpg,bridge,bridge,True,0.9509996650244595,0.9509996650244595,0.013456479875656948,0.023237010209525396,0.012306844890358146
bridge/bridge757.jpg,bridge,bridge,True,0.9325919219687709,0.9325919219687709,0.012911497496734788,0.04276568503642409,0.011730895498070338
bridge/bridge758.jpg,bridge,bridge,True,0.9273277841271472,0.9273277841271472,0.014649598891848057,0.044808270168335274,0.013214346812669434
bridge/bridge759.jpg,bridge,bridge,True,0.9421202677962744,0.9421202677962744,0.013800129649450108,0.032286811945638476,0.011792790608637003
bridge/bridge760.jpg,bridge,bridge,True,0.9233322232920378,0.9233322232920378,0.015901179848208158,0.04707294116733861,0.013693655692415433
bridge/bridge761.jpg,bridge,bridge,True,0.9288308738502029,0.9288308738502029,0.019916079705796882,0.036530290098155165,0.014722756345844964
bridge/bridge762.jpg,bridge,bridge,True,0.935379998843096,0.935379998843096,0.01756457439254863,0.03198870759257201,0.015066719171783326
bridge/bridge763.jpg,bridge,bridge,True,0.9382748526526571,0.9382748526526571,0.017561099619605076,0.029875039103098806,0.014289008624639148
bridge/bridge764.jpg,bridge,bridge,True,0.9304052865530037,0.9304052865530037,0.020417830470926046,0.03527902828401536,0.01389785469205486
bridge/bridge765.jpg,bridge,bridge,True,0.9285315301620484,0.9285315301620484,0.01748037566235953,0.040814185586905624,0.013173908588686495
bridge/bridge766.jpg,bridge,bridge,True,0.9363804577089766,0.9363804577089766,0.017779538684769065,0.03408385378800577,0.01175614981824857
bridge/bridge767.jpg,bridge,bridge,True,0.9349069430770915,0.9349069430770915,0.017824664721691995,0.03960163836016919,0.0076667538410473855
bridge/bridge768.jpg,bridge,bridge,True,0.9234457948635671,0.9234457948635671,0.02275509273317871,0.04299707406913718,0.010802038334116896
bridge/bridge769.jpg,bridge,bridge,True,0.9339225373483283,0.9339225373483283,0.019979514367418013,0.03675087351482579,0.009347074769427833
bridge/bridge770.jpg,bridge,bridge,True,0.9148597333100784,0.9148597333100784,0.022254184370710958,0.04266788924076289,0.020218193078447726
bridge/bridge771.jpg,bridge,bridge,True,0.9030693582687046,0.9030693582687046,0.023141282106369877,0.05116977715111506,0.022619582473810462
bridge/bridge772.jpg,bridge,bridge,True,0.9101848245936222,0.9101848245936222,0.02707233438377173,0.04508230860762586,0.017660532414980345
bridge/bridge773.jpg,bridge,bridge,True,0.9220054361920738,0.9220054361920738,0.020734474441975518,0.044902700992632355,0.01235738837331829
bridge/bridge774.jpg,bridge,bridge,True,0.9346072266957823,0.9346072266957823,0.014030474903540743,0.03669581859584376,0.014666479804833031
bridge/bridge775.jpg,bridge,bridge,True,0.8830207762892825,0.8830207762892825,0.009127830832926322,0.09035913038763466,0.01749226249015646
bridge/bridge776.jpg,bridge,bridge,True,0.9375904412686914,0.9375904412686914,0.005916543476478396,0.04092655857639119,0.015566456678438981
bridge/bridge777.jpg,bridge,bridge,True,0.9211843502733356,0.9211843502733356,0.009370660530008679,0.053855498681845,0.015589490514810922
bridge/bridge778.jpg,bridge,bridge,True,0.8969706663945138,0.8969706663945138,0.009634406427161813,0.07919757561362872,0.014197351564695555
bridge/bridge779.jpg,bridge,bridge,True,0.9300965821122288,0.9300965821122288,0.011658408205466814,0.04209671064305311,0.01614829903925132
bridge/bridge780.jpg,bridge,bridge,True,0.8897599444111913,0.8897599444111913,0.015727021761594934,0.0731472058417739,0.02136582798543988
bridge/bridge781.jpg,bridge,bridge,True,0.8835649223120221,0.8835649223120221,0.008561448449019014,0.08491402917283634,0.022959600066122545
bridge/bridge782.jpg,bridge,bridge,True,0.9056876764326686,0.9056876764326686,0.006171866357932042,0.06825290808034447,0.01988754912905493
bridge/bridge783.jpg,bridge,bridge,True,0.9265400912387253,0.9265400912387253,0.006747112654320173,0.05244014718083165,0.014272648926122917
bridge/bridge784.jpg,bridge,bridge,True,0.9247328956391364,0.9247328956391364,0.00660767807755667,0.06054333013264452,0.008116096150662373
bridge/bridge785.jpg,bridge,bridge,True,0.927990864534475,0.927990864534475,0.007657990127840605,0.055160069472787586,0.009191075864896743
bridge/bridge786.jpg,bridge,bridge,True,0.9270518873460909,0.9270518873460909,0.007538424414972034,0.056339700254716615,0.00906998798422051
bridge/bridge787.jpg,bridge,bridge,True,0.9398978281141886,0.9398978281141886,0.007162761966549597,0.04261410480786219,0.010325305111399409
bridge/bridge788.jpg,bridge,bridge,True,0.9333504818263538,0.9333504818263538,0.007303194005945547,0.04861646230654064,0.010729861861160078
bridge/bridge789.jpg,bridge,bridge,True,0.9147006466006709,0.9147006466006709,0.00781334920171988,0.061779937590289706,0.01570606660731975
bridge/bridge790.jpg,bridge,bridge,True,0.9236486035695555,0.9236486035695555,0.010396883676741324,0.05464923589952636,0.01130527685417697
bridge/bridge791.jpg,bridge,bridge,True,0.918486802721839,0.918486802721839,0.01604271831835036,0.05336970350187266,0.012100775457937874
bridge/bridge792.jpg,bridge,bridge,True,0.8680468525789059,0.8680468525789059,0.028196983616392318,0.08475527737209157,0.019000886432610154
bridge/bridge793.jpg,bridge,bridge,True,0.908019548584513,0.908019548584513,0.0164408113591897,0.04349816742346493,0.03204147263283255
bridge/bridge794.jpg,bridge,bridge,True,0.9402969734754151,0.9402969734754151,0.0103154070290746,0.03757825720748949,0.011809362288020602
bridge/bridge795.jpg,bridge,bridge,True,0.9087793325294787,0.9087793325294787,0.014632607695949875,0.06510452898079912,0.011483530793772382
bridge/bridge796.jpg,bridge,bridge,True,0.928744720762317,0.928744720762317,0.020266120886253597,0.041882025775809,0.009107132575620524
bridge/bridge797.jpg,bridge,bridge,True,0.9321768913082007,0.9321768913082007,0.019081775462853775,0.04149755935963859,0.007243773869307006
bridge/bridge798.jpg,bridge,bridge,True,0.9264497974168159,0.9264497974168159,0.021764970443338486,0.03870631694696687,0.013078915192878736
bridge/bridge799.jpg,bridge,bridge,True,0.9166846600096507,0.9166846600096507,0.03407012084685097,0.03451148486589201,0.014733734277606176
bridge/bridge800.jpg,bridge,bridge,True,0.8824648839699961,0.8824648839699961,0.022999862832763045,0.08156764357430778,0.012967609622933083
freeway/freeway701.jpg,freeway,freeway,True,0.9178527010481476,0.029725808316489622,0.9178527010481476,0.021230740199149764,0.031190750436212944
freeway/freeway702.jpg,freeway,freeway,True,0.8925765428817279,0.021451770245881633,0.8925765428817279,0.05418875264168883,0.03178293423070163
freeway/freeway703.jpg,freeway,freeway,True,0.9118195588955921,0.030038455182827387,0.9118195588955921,0.026408266449117302,0.03173371947246323
freeway/freeway704.jpg,freeway,freeway,True,0.9246224058450108,0.02807801065878037,0.9246224058450108,0.01644437227066349,0.030855211225545402
freeway/freeway705.jpg,freeway,freeway,True,0.8932058239289953,0.028108063168658055,0.8932058239289953,0.03661799380868301,0.042068119093663474
freeway/freeway706.jpg,freeway,freeway,True,0.8926970972183257,0.018505283880762034,0.8926970972183257,0.02690165174794562,0.061895967152966594
freeway/freeway707.jpg,freeway,freeway,True,0.9097149328999132,0.024543923917871354,0.9097149328999132,0.02523279816543927,0.04050834501677595
freeway/freeway708.jpg,freeway,freeway,True,0.8147172588612824,0.020481446283835497,0.8147172588612824,0.039152406937455614,0.12564888791742623
freeway/freeway709.jpg,freeway,freeway,True,0.9076241737791593,0.019536061347234006,0.9076241737791593,0.03067759300793983,0.04216217186566677
freeway/freeway710.jpg,freeway,freeway,True,0.9280080168488493,0.020263313316296487,0.9280080168488493,0.02481153813338536,0.026917131701468918
freeway/freeway711.jpg,freeway,freeway,True,0.9124614250469232,0.027564969837475455,0.9124614250469232,0.02108838760498625,0.03888521751061504
freeway/freeway712.jpg,freeway,freeway,True,0.9054411792980566,0.020373047688491568,0.9054411792980566,0.026115373825499978,0.0480703991879519
freeway/freeway713.jpg,freeway,freeway,True,0.911447075105206,0.03145371648581506,0.911447075105206,0.021575224325339894,0.03552398408363898
freeway/freeway714.jpg,freeway,freeway,True,0.9349771683410328,0.02908821660683919,0.9349771683410328,0.010907896409132624,0.025026718642995396
freeway/freeway715.jpg,freeway,freeway,True,0.9395779491475702,0.02228147566745014,0.9395779491475702,0.013707826440252488,0.024432748744727097
freeway/freeway716.jpg,freeway,freeway,True,0.9137900421082384,0.024089036972752775,0.9137900421082384,0.029028414223456034,0.03309250669555255
freeway/freeway717.jpg,freeway,freeway,True,0.9000776682070143,0.02838604911468371,0.9000776682070143,0.03745754534542297,0.03407873733287916
freeway/freeway718.jpg,freeway,freeway,True,0.922635626771996,0.0225066731380017,0.922635626771996,0.025959250459191195,0.02889844963081107
freeway/freeway719.jpg,freeway,freeway,True,0.8950487210527748,0.026471624636692857,0.8950487210527748,0.045645633240297565,0.03283402107023488
freeway/freeway720.jpg,freeway,freeway,True,0.8086857261458822,0.0475254614748641,0.8086857261458822,0.09711019651477318,0.046678615864480404
freeway/freeway721.jpg,freeway,freeway,True,0.8496994275404874,0.08189717154150654,0.8496994275404874,0.04001551353813906,0.028387887379867107
freeway/freeway722.jpg,freeway,freeway,True,0.8544182659102241,0.07807066848952904,0.8544182659102241,0.02723499598531886,0.040276069614927884
freeway/freeway723.jpg,freeway,freeway,True,0.873240610001653,0.06318865929371642,0.873240610001653,0.027432679100912002,0.03613805160371861
freeway/freeway724.jpg,freeway,freeway,True,0.8800517270811415,0.05858540281123084,0.8800517270811415,0.022029413202269373,0.03933345690535827
freeway/freeway725.jpg,freeway,freeway,True,0.8054271792077311,0.09738346842828509,0.8054271792077311,0.0590217379569978,0.03816761440698606
freeway/freeway726.jpg,freeway,freeway,True,0.9083754950003734,0.03956543912651844,0.9083754950003734,0.03038016643086616,0.021678899442241807
freeway/freeway727.jpg,freeway,freeway,True,0.9307326756652005,0.028726124768127546,0.9307326756652005,0.021857046170980537,0.018684153395691388
freeway/freeway728.jpg,freeway,freeway,True,0.9213327839256561,0.036023963435866196,0.9213327839256561,0.024572573185186332,0.01807067945329132
freeway/freeway729.jpg,freeway,freeway,True,0.9242687447291947,0.02520845738432134,0.9242687447291947,0.029461433045501376,0.021061364840982415
freeway/freeway730.jpg,freeway,freeway,True,0.9099239883113134,0.024763407383718333,0.9099239883113134,0.04007093250816628,0.025241671796801986
freeway/freeway731.jpg,freeway,freeway,True,0.9096049916533602,0.02805238454147646,0.9096049916533602,0.029924561261180718,0.0324180625439827
freeway/freeway732.jpg,freeway,freeway,True,0.9148513092866953,0.02433772437183229,0.9148513092866953,0.03464619308576311,0.02616477325570918
freeway/freeway733.jpg,freeway,freeway,True,0.9021751219999069,0.034162587818856775,0.9021751219999069,0.03227998192653525,0.03138230825470104
freeway/freeway734.jpg,freeway,freeway,True,0.8768023445815472,0.02493950147754564,0.8768023445815472,0.04353833523189779,0.05471981870900938
freeway/freeway735.jpg,freeway,freeway,True,0.8855080332514957,0.03567446694616298,0.8855080332514957,0.04522232034912831,0.033595179453212984
freeway/freeway736.jpg,freeway,freeway,True,0.9245939010891172,0.03313153377446003,0.9245939010891172,0.020585317231736722,0.02168924790468599
freeway/freeway737.jpg,freeway,freeway,True,0.9153158510701713,0.03342338433202299,0.9153158510701713,0.02569041352493669,0.025570351072868928
freeway/freeway738.jpg,freeway,freeway,True,0.9145914118553488,0.03198966316339069,0.9145914118553488,0.027456513972371272,0.02596241100888909
freeway/freeway739.jpg,freeway,freeway,True,0.8892979724597267,0.03277212183716693,0.8892979724597267,0.03716076169358616,0.040769144009520114
freeway/freeway740.jpg,freeway,freeway,True,0.9180060087461208,0.019466239070219937,0.9180060087461208,0.028400821891659298,0.034126930291999924
freeway/freeway741.jpg,freeway,freeway,True,0.9071694853944142,0.028608930226682247,0.9071694853944142,0.025870008891194136,0.0383515754877094
freeway/freeway742.jpg,freeway,freeway,True,0.8839729663300984,0.02366063431287274,0.8839729663300984,0.042470151016954255,0.049896248340074785
freeway/freeway743.jpg,freeway,freeway,True,0.9004890878468839,0.02512907669408421,0.9004890878468839,0.02709333452118029,0.04728850093785159
freeway/freeway744.jpg,freeway,freeway,True,0.8490029929927965,0.035245966510904024,0.8490029929927965,0.03139375383014988,0.08435728666614957
freeway/freeway745.jpg,freeway,freeway,True,0.8525913176929402,0.023936967324231527,0.8525913176929402,0.0746942570085919,0.048777457974236334
freeway/freeway746.jpg,freeway,freeway,True,0.8836296327630907,0.02954556645843011,0.8836296327630907,0.05137185838387703,0.03545294239460203
freeway/freeway747.jpg,freeway,freeway,True,0.8477919218959629,0.04278371831925103,0.8477919218959629,0.04752929062240658,0.06189506916237974
freeway/freeway748.jpg,freeway,freeway,True,0.8836584960272383,0.020796064334081658,0.8836584960272383,0.061527165723189225,0.03401827391549067
freeway/freeway749.jpg,freeway,freeway,True,0.8717502155980709,0.044986543501464145,0.8717502155980709,0.051764059725877325,0.03149918117458767
freeway/freeway750.jpg,freeway,freeway,True,0.866355611529183,0.03882843380070131,0.866355611529183,0.052310636485599145,0.04250531818451661
freeway/freeway751.jpg,freeway,freeway,True,0.7858463506624456,0.08210185456455596,0.7858463506624456,0.04126409570373397,0.09078769906926462
freeway/freeway752.jpg,freeway,freeway,True,0.9113781842575512,0.026389793296152483,0.9113781842575512,0.027420991314773487,0.03481103113152281
freeway/freeway753.jpg,freeway,freeway,True,0.8644336138562769,0.036133616235407916,0.8644336138562769,0.06455773836477238,0.034875031543542614
freeway/freeway754.jpg,freeway,freeway,True,0.8950750828900186,0.03128531239003496,0.8950750828900186,0.04302239691900226,0.03061720780094417
freeway/freeway755.jpg,freeway,freeway,True,0.9463379220152389,0.02155602805150312,0.9463379220152389,0.014654822876802075,0.0174512270564561
freeway/freeway756.jpg,freeway,freeway,True,0.8773662468672996,0.02972557704968275,0.8773662468672996,0.054540705900509974,0.03836747018250766
freeway/freeway757.jpg,freeway,freeway,True,0.8923708775725827,0.028629011648104375,0.8923708775725827,0.029288845310473474,0.04971126546883947
freeway/freeway758.jpg,freeway,freeway,True,0.8771526021773748,0.030108455728724608,0.8771526021773748,0.047514314878114146,0.0452246272157864
freeway/freeway759.jpg,freeway,freeway,True,0.8985890927143203,0.029584124146762203,0.8985890927143203,0.03465276695017474,0.037174016188742734
freeway/freeway760.jpg,freeway,freeway,True,0.8529553437539378,0.052050641565377996,0.8529553437539378,0.04598489404922941,0.04900912063145492
freeway/freeway761.jpg,freeway,freeway,True,0.9163197360150547,0.028606352411521638,0.9163197360150547,0.025110526894395982,0.0299633846790276
freeway/freeway762.jpg,freeway,freeway,True,0.8986849136977768,0.020875273206586106,0.8986849136977768,0.05245021940281848,0.027989593692818608
freeway/freeway763.jpg,freeway,freeway,True,0.8998403167332031,0.03244616734906728,0.8998403167332031,0.035644849428680486,0.032068666489049005
freeway/freeway764.jpg,freeway,freeway,True,0.8327657772779848,0.02703006112759069,0.8327657772779848,0.06717394576725157,0.07303021582717278
freeway/freeway765.jpg,freeway,freeway,True,0.839086182850509,0.04211462120715188,0.839086182850509,0.04259330287480656,0.07620589306753241
freeway/freeway766.jpg,freeway,freeway,True,0.5530070669835294,0.07305540634356031,0.5530070669835294,0.115829238016471,0.2581082886564393
freeway/freeway767.jpg,freeway,overpass,False,0.4455327245839766,0.0940532648016036,0.22035804151311633,0.4455327245839766,0.24005596910130356
freeway/freeway768.jpg,freeway,freeway,True,0.8908771283989064,0.04192298689099716,0.8908771283989064,0.03647583525442622,0.030724049455670095
freeway/freeway769.jpg,freeway,freeway,True,0.9030737848243636,0.03425830640890336,0.9030737848243636,0.028343962194946306,0.034323946571786786
freeway/freeway770.jpg,freeway,freeway,True,0.8882770114428192,0.036768798886813954,0.8882770114428192,0.028520449423119015,0.046433740247247966
freeway/freeway771.jpg,freeway,freeway,True,0.8837583389629023,0.03058892078775996,0.8837583389629023,0.03785769999509606,0.047795040254241694
freeway/freeway772.jpg,freeway,freeway,True,0.8241477139290916,0.026429970527568226,0.8241477139290916,0.07725617580362867,0.07216613973971131
freeway/freeway773.jpg,freeway,freeway,True,0.8177025918792449,0.03650092533650003,0.8177025918792449,0.10724978951230318,0.03854669327195185
freeway/freeway774.jpg,freeway,freeway,True,0.8581326633140401,0.04140691558698909,0.8581326633140401,0.05395515589046449,0.04650526520850637
freeway/freeway775.jpg,freeway,freeway,True,0.857446862104101,0.032210212864250735,0.857446862104101,0.05276747657286905,0.0575754484587792
freeway/freeway776.jpg,freeway,freeway,True,0.8827351540741631,0.03960853581121289,0.8827351540741631,0.035217420254325685,0.04243888986029831
freeway/freeway777.jpg,freeway,freeway,True,0.8349707662399112,0.06074531873605659,0.8349707662399112,0.041912653025057964,0.062371261998974185
freeway/freeway778.jpg,freeway,freeway,True,0.8968093165546474,0.034123287163263474,0.8968093165546474,0.03392960896829611,0.03513778731379302
freeway/freeway779.jpg,freeway,freeway,True,0.9001614506861676,0.024757116449444058,0.9001614506861676,0.04917645306696478,0.025904979797423584
freeway/freeway780.jpg,freeway,freeway,True,0.8700887255956447,0.03674639687785344,0.8700887255956447,0.06328201832297436,0.029882859203527512
freeway/freeway781.jpg,freeway,freeway,True,0.7919368622052779,0.08356625227299606,0.7919368622052779,0.0681714044575389,0.05632548106418714
freeway/freeway782.jpg,freeway,freeway,True,0.910119057421102,0.019026711344109173,0.910119057421102,0.04676066117020393,0.02409357006458484
freeway/freeway783.jpg,freeway,freeway,True,0.8935920391746464,0.03371325773784886,0.8935920391746464,0.04268764839976534,0.030007054687739468
freeway/freeway784.jpg,freeway,freeway,True,0.891982311873132,0.024887523535101336,0.891982311873132,0.04591172590990038,0.03721843868186614
freeway/freeway785.jpg,freeway,freeway,True,0.9137401173810649,0.020136567404677435,0.9137401173810649,0.04061281624402227,0.02551049897023537
freeway/freeway786.jpg,freeway,freeway,True,0.901352317574951,0.031413043615557884,0.901352317574951,0.036061079731574054,0.031173559077917027
freeway/freeway787.jpg,freeway,freeway,True,0.8762765633326264,0.02638307274177967,0.8762765633326264,0.05459831539079239,0.042742048534801555
freeway/freeway788.jpg,freeway,freeway,True,0.8884075247034305,0.02102953139202177,0.8884075247034305,0.05052842948474032,0.04003451441980733
freeway/freeway789.jpg,freeway,freeway,True,0.8528268124991415,0.03194952398799974,0.8528268124991415,0.08269576227925911,0.03252790123359969
freeway/freeway790.jpg,freeway,freeway,True,0.8554850454237597,0.021663592558694416,0.8554850454237597,0.08673940367390436,0.036111958343641726
freeway/freeway791.jpg,freeway,freeway,True,0.9135490750526224,0.01798899097768424,0.9135490750526224,0.03956463487481753,0.028897299094875976
freeway/freeway792.jpg,freeway,freeway,True,0.8758048902034141,0.024247136699087492,0.8758048902034141,0.06441965200440228,0.035528321093096046
freeway/freeway793.jpg,freeway,freeway,True,0.8911601572528808,0.02921137049307455,0.8911601572528808,0.04823012480256664,0.03139834745147805
freeway/freeway794.jpg,freeway,freeway,True,0.8742771430056157,0.032239197078751176,0.8742771430056157,0.056730986112472036,0.03675267380316102
freeway/freeway795.jpg,freeway,freeway,True,0.8602245911255005,0.037765268526486255,0.8602245911255005,0.06064925242692801,0.04136088792108535
freeway/freeway796.jpg,freeway,freeway,True,0.8661922947625463,0.042470678966467834,0.8661922947625463,0.044387894551934474,0.046949131719051164
freeway/freeway797.jpg,freeway,freeway,True,0.8739681178198321,0.03121992508627741,0.8739681178198321,0.05143160496656305,0.04338035212732728
freeway/freeway798.jpg,freeway,freeway,True,0.8503259052175901,0.02727688095102978,0.8503259052175901,0.07609107700395869,0.0463061368274216
freeway/freeway799.jpg,freeway,freeway,True,0.9016946129393848,0.02213590379396724,0.9016946129393848,0.036937378929893634,0.03923210433675421
freeway/freeway800.jpg,freeway,freeway,True,0.8878845643425127,0.033962284473758694,0.8878845643425127,0.02472443728563646,0.053428713898092034
overpass/overpass701.jpg,overpass,overpass,True,0.9269019036556781,0.0209304667092934,0.02847665664815319,0.9269019036556781,0.023690972986875353
overpass/overpass702.jpg,overpass,overpass,True,0.917826231205232,0.01931449615296658,0.02848686621204091,0.917826231205232,0.03437240642976065
overpass/overpass703.jpg,overpass,overpass,True,0.9008515389719834,0.02274068105611486,0.031795798882423426,0.9008515389719834,0.04461198108947836
overpass/overpass704.jpg,overpass,overpass,True,0.9338203810659399,0.021392865283999935,0.024359909586370496,0.9338203810659399,0.020426844063689643
overpass/overpass705.jpg,overpass,overpass,True,0.825573562686027,0.02613228505713496,0.033438094355743915,0.825573562686027,0.11485605790109409
overpass/overpass706.jpg,overpass,overpass,True,0.9057598778313318,0.0233951032771164,0.030839831417952917,0.9057598778313318,0.040005187473598776
overpass/overpass707.jpg,overpass,overpass,True,0.900918923918602,0.015592302855959356,0.030314900669966196,0.900918923918602,0.05317387255547248
overpass/overpass708.jpg,overpass,overpass,True,0.9053176613513365,0.017807868274643517,0.03165940517520396,0.9053176613513365,0.04521506519881587
overpass/overpass709.jpg,overpass,overpass,True,0.9298404800058959,0.014749783465012862,0.024397725455019822,0.9298404800058959,0.031012011074071328
overpass/overpass710.jpg,overpass,overpass,True,0.9335320189765944,0.01775841305370964,0.021261257201345418,0.9335320189765944,0.027448310768350494
overpass/overpass711.jpg,overpass,overpass,True,0.9247317845551769,0.016457131614211088,0.018591354629754864,0.9247317845551769,0.040219729200857056
overpass/overpass712.jpg,overpass,overpass,True,0.9302793722591506,0.020427872365686425,0.02961125148549188,0.9302793722591506,0.01968150388967127
overpass/overpass713.jpg,overpass,overpass,True,0.9371107698732123,0.019655479690959474,0.014673428848392154,0.9371107698732123,0.028560321587436
overpass/overpass714.jpg,overpass,overpass,True,0.9316054233503913,0.02649407121058193,0.013188381225502473,0.9316054233503913,0.0287121242135244
overpass/overpass715.jpg,overpass,overpass,True,0.9035693981813355,0.034846774344542406,0.02418714800888831,0.9035693981813355,0.037396679465233784
overpass/overpass716.jpg,overpass,overpass,True,0.9395710216974404,0.015562227325511206,0.015804975364873616,0.9395710216974404,0.029061775612174694
overpass/overpass717.jpg,overpass,overpass,True,0.8580981453512826,0.035640259947796,0.03449066036353373,0.8580981453512826,0.07177093433738753
overpass/overpass718.jpg,overpass,overpass,True,0.9427187348505592,0.013869022019353382,0.02085834844698123,0.9427187348505592,0.022553894683106226
overpass/overpass719.jpg,overpass,overpass,True,0.8784327792870505,0.024542670639596212,0.041794131449481305,0.8784327792870505,0.05523041862387201
overpass/overpass720.jpg,overpass,overpass,True,0.905623296393995,0.016777051529198735,0.020365493742731916,0.905623296393995,0.05723415833407429
overpass/overpass721.jpg,overpass,overpass,True,0.9252949101319701,0.020024595383625776,0.021987346890573592,0.9252949101319701,0.03269314759383049
overpass/overpass722.jpg,overpass,overpass,True,0.9175305915944766,0.019354463436174214,0.015007369864850484,0.9175305915944766,0.04810757510449863
overpass/overpass723.jpg,overpass,overpass,True,0.8973974127154601,0.028699719653032443,0.030058389616190243,0.8973974127154601,0.043844478015317295
overpass/overpass724.jpg,overpass,overpass,True,0.9080084846346343,0.020741064251290506,0.022642963508764796,0.9080084846346343,0.04860748760531037
overpass/overpass725.jpg,overpass,overpass,True,0.9208167459616994,0.022833546613704188,0.02632052394183161,0.9208167459616994,0.030029183482764926
overpass/overpass726.jpg,overpass,overpass,True,0.9213212451398552,0.0210869190848249,0.027750887725831692,0.9213212451398552,0.029840948049488232
overpass/overpass727.jpg,overpass,overpass,True,0.9034854425957995,0.023207670730445894,0.043485394497531665,0.9034854425957995,0.029821492176223027
overpass/overpass728.jpg,overpass,overpass,True,0.9215747437974839,0.03500636000897563,0.025621309354009098,0.9215747437974839,0.01779758683953126
overpass/overpass729.jpg,overpass,overpass,True,0.9072758182109851,0.04084672760093127,0.016035846915298337,0.9072758182109851,0.035841607272785146
overpass/overpass730.jpg,overpass,overpass,True,0.9075264608212944,0.0377300035504576,0.03321511695686629,0.9075264608212944,0.021528418671381867
overpass/overpass731.jpg,overpass,overpass,True,0.889659559835195,0.06460888682291457,0.023010255102912765,0.889659559835195,0.02272129823897774
overpass/overpass732.jpg,overpass,overpass,True,0.9053562466980148,0.05069885013606731,0.023667931519561126,0.9053562466980148,0.02027697164635669
overpass/overpass733.jpg,overpass,overpass,True,0.9171642145507763,0.03424532703234011,0.02860865559560402,0.9171642145507763,0.01998180282127953
overpass/overpass734.jpg,overpass,overpass,True,0.8915013091822608,0.03461237351795062,0.026435090744480853,0.8915013091822608,0.04745122655530786
overpass/overpass735.jpg,overpass,overpass,True,0.9233455636987359,0.026746981546142905,0.02586021440282025,0.9233455636987359,0.024047240352301037
overpass/overpass736.jpg,overpass,overpass,True,0.9176868394328064,0.020815060257984443,0.032355074660530635,0.9176868394328064,0.029143025648678357
overpass/overpass737.jpg,overpass,overpass,True,0.9603572526027093,0.016817752692632366,0.013727292882860192,0.9603572526027093,0.009097701821798223
overpass/overpass738.jpg,overpass,overpass,True,0.9329061122964944,0.031111604048435777,0.0230806228692237,0.9329061122964944,0.012901660785846146
overpass/overpass739.jpg,overpass,overpass,True,0.9346275739800767,0.025246055453265876,0.022522869189187503,0.9346275739800767,0.017603501377470045
overpass/overpass740.jpg,overpass,overpass,True,0.944108489693874,0.01653271893186432,0.019963603876690644,0.944108489693874,0.01939518749757104
overpass/overpass741.jpg,overpass,overpass,True,0.9305669864973571,0.01986643303443775,0.026120580725819794,0.9305669864973571,0.0234459997423853
overpass/overpass742.jpg,overpass,overpass,True,0.9457927839981578,0.01741413823394027,0.016698025341138515,0.9457927839981578,0.020095052426763255
overpass/overpass743.jpg,overpass,overpass,True,0.9474382386463845,0.01683848446409534,0.018165211633243368,0.9474382386463845,0.017558065256276758
overpass/overpass744.jpg,overpass,overpass,True,0.9168808087932727,0.025525314089726532,0.01626308066927491,0.9168808087932727,0.04133079644772576
overpass/overpass745.jpg,overpass,overpass,True,0.9355500435933335,0.028743568123089005,0.021697948752460994,0.9355500435933335,0.01400843953111663
overpass/overpass746.jpg,overpass,overpass,True,0.9372987177688017,0.02627838990780092,0.02304231830992629,0.9372987177688017,0.013380574013471026
overpass/overpass747.jpg,overpass,overpass,True,0.9404012008506922,0.022138079714841247,0.023851369870369215,0.9404012008506922,0.013609349564097468
overpass/overpass748.jpg,overpass,overpass,True,0.9267549689881429,0.03208969757668462,0.0259385921858086,0.9267549689881429,0.015216741249363869
overpass/overpass749.jpg,overpass,overpass,True,0.9419768792199755,0.021379728121101848,0.02038774399983202,0.9419768792199755,0.01625564865909049
overpass/overpass750.jpg,overpass,overpass,True,0.9371727644633515,0.02824944928589086,0.017624496636431286,0.9371727644633515,0.01695328961432639
overpass/overpass751.jpg,overpass,overpass,True,0.9263890998511749,0.028264228752942197,0.02179320199086338,0.9263890998511749,0.02355346940501954
overpass/overpass752.jpg,overpass,overpass,True,0.9049936876724717,0.04082984919515553,0.029158934636154172,0.9049936876724717,0.025017528496218557
overpass/overpass753.jpg,overpass,overpass,True,0.9367855798358393,0.026528318138680583,0.01476325084367185,0.9367855798358393,0.02192285118180811
overpass/overpass754.jpg,overpass,overpass,True,0.9272421494599818,0.030756898111118505,0.027634734432249557,0.9272421494599818,0.014366217996650001
overpass/overpass755.jpg,overpass,overpass,True,0.9333770500631996,0.030317449228619113,0.023742244553076042,0.9333770500631996,0.012563256155105198
overpass/overpass756.jpg,overpass,overpass,True,0.9150777338960651,0.03663830640756173,0.02094872635681205,0.9150777338960651,0.027335233339561
overpass/overpass757.jpg,overpass,overpass,True,0.8979935160998405,0.04350929037829648,0.0304176244015312,0.8979935160998405,0.028079569120331903
overpass/overpass758.jpg,overpass,overpass,True,0.862283736586861,0.03695447913274503,0.032719235613346956,0.862283736586861,0.06804254866704704
overpass/overpass759.jpg,overpass,overpass,True,0.893993105859103,0.035785176335523104,0.03404189258550424,0.893993105859103,0.03617982521986972
overpass/overpass760.jpg,overpass,overpass,True,0.8844286256698599,0.03620790731808324,0.037099867210890286,0.8844286256698599,0.04226359980116647
overpass/overpass761.jpg,overpass,overpass,True,0.9130242167095938,0.026119316159503102,0.019050347402653205,0.9130242167095938,0.04180611972824997
overpass/overpass762.jpg,overpass,overpass,True,0.9241868312412995,0.021742785691628866,0.013455622225870136,0.9241868312412995,0.04061476084120134
overpass/overpass763.jpg,overpass,overpass,True,0.9276461033454829,0.02630505085224897,0.025040343202637455,0.9276461033454829,0.021008502599630784
overpass/overpass764.jpg,overpass,overpass,True,0.9209643197883715,0.029638059409144147,0.0249731883671686,0.9209643197883715,0.02442443243531579
overpass/overpass765.jpg,overpass,overpass,True,0.9170506419099297,0.024860248049406588,0.031670206546342075,0.9170506419099297,0.02641890349432177
overpass/overpass766.jpg,overpass,overpass,True,0.87071599118612,0.02698281982362519,0.04351288564290876,0.87071599118612,0.058788303347345965
overpass/overpass767.jpg,overpass,overpass,True,0.8800213056875613,0.019431831830522873,0.04778837725315048,0.8800213056875613,0.052758485228765285
overpass/overpass768.jpg,overpass,overpass,True,0.8447371076348335,0.022450242417799703,0.045765958862127705,0.8447371076348335,0.0870466910852392
overpass/overpass769.jpg,overpass,overpass,True,0.9167869086163833,0.03469830916893829,0.028793651953518906,0.9167869086163833,0.019721130261159438
overpass/overpass770.jpg,overpass,overpass,True,0.9366218396982208,0.02589114005854779,0.022712090141908815,0.9366218396982208,0.01477493010132249
overpass/overpass771.jpg,overpass,overpass,True,0.9247016903290264,0.03559047998867347,0.019615103181530903,0.9247016903290264,0.020092726500769206
overpass/overpass772.jpg,overpass,overpass,True,0.8862584346820197,0.06449407679766544,0.02653085046287944,0.8862584346820197,0.02271663805743526
overpass/overpass773.jpg,overpass,overpass,True,0.8977672235479339,0.036037182388509004,0.028488067418274622,0.8977672235479339,0.037707526645282506
overpass/overpass774.jpg,overpass,overpass,True,0.9416153088404989,0.02018295420670573,0.019177590472667056,0.9416153088404989,0.019024146480128342
overpass/overpass775.jpg,overpass,overpass,True,0.9290916895318013,0.018710300172595024,0.025129415522862887,0.9290916895318013,0.027068594772740803
overpass/overpass776.jpg,overpass,overpass,True,0.9133156073686645,0.023737175975643007,0.02015523216429274,0.9133156073686645,0.04279198449139974
overpass/overpass777.jpg,overpass,overpass,True,0.92245554050467,0.030186676926298416,0.02098101084077371,0.92245554050467,0.026376771728257826
